fileName imageWidth imageHeight 
camera matrix K [3x3]
radial distortion [3x1]
tangential distortion [2x1]
camera position t [3x1]
camera rotation R [3x3]
camera model m = K [R|-Rt] X

DJI_20211224092312_0125.JPG 8192 5460
8194.32041459716128883883 0 4074.31099333690553976339
0 8194.32041459716128883883 2747.96376794665047782473
0 0 1
-0.04931030270217909295 0.01862933985757429106 -0.09491262121637447646
0.00092341743593677761 -0.00096724222700711178
-164.07659550019164385048 -553.27440604310675098532 150.31987764864246059915
0.90635917255606501808 0.42250060533684247188 0.00250775068276496652
0.42249709925290418466 -0.90636245012100491447 0.00181937723701879137
0.00304161903709998906 -0.00058949185799400325 -0.99999520051497370332
DJI_20211224092313_0126.JPG 8192 5460
8194.32041459716128883883 0 4074.31099333690553976339
0 8194.32041459716128883883 2747.96376794665047782473
0 0 1
-0.04931030270217909295 0.01862933985757429106 -0.09491262121637447646
0.00092341743593677761 -0.00096724222700711178
-173.06375032836257332747 -536.04754284471982828109 150.33948209637856052723
0.90631019444694649323 0.42261031876275223507 0.00153294382905281028
0.42260827441373188806 -0.90631121796653024703 0.00149083368374417847
0.00201936588709250445 -0.00070332301943305689 -0.99999771374645873845
DJI_20211224092315_0127.JPG 8192 5460
8194.32041459716128883883 0 4074.31099333690553976339
0 8194.32041459716128883883 2747.96376794665047782473
0 0 1
-0.04931030270217909295 0.01862933985757429106 -0.09491262121637447646
0.00092341743593677761 -0.00096724222700711178
-182.75288132976982069522 -517.49173478948966931057 150.37284615586349900695
0.90626603283773798925 0.42270718268183377075 0.00071793713857383208
0.42270612142915570120 -0.90626591882413320977 0.00127251097024125293
0.00118854148770999000 -0.00084975704546655026 -0.99999893264047812202
DJI_20211224092316_0128.JPG 8192 5460
8194.32041459716128883883 0 4074.31099333690553976339
0 8194.32041459716128883883 2747.96376794665047782473
0 0 1
-0.04931030270217909295 0.01862933985757429106 -0.09491262121637447646
0.00092341743593677761 -0.00096724222700711178
-192.46134712534623645297 -498.95175783083573151089 150.39642577416304902727
0.90631027505744454764 0.42261285791672631440 0.00024010155348887628
0.42261225674278407594 -0.90630970446635727988 0.00126492722127459511
0.00075218087602393674 -0.00104494667847364504 -0.99999917115484093788
DJI_20211224092318_0129.JPG 8192 5460
8194.32041459716128883883 0 4074.31099333690553976339
0 8194.32041459716128883883 2747.96376794665047782473
0 0 1
-0.04931030270217909295 0.01862933985757429106 -0.09491262121637447646
0.00092341743593677761 -0.00096724222700711178
-201.52718305614541804971 -481.68404132071088952216 150.40939380623322563224
0.90627638495251705564 0.42268559440834069241 -0.00004854961179904056
0.42268521405028197657 -0.90627540282147656114 0.00145053922310941466
0.00056912271474261397 -0.00133511064640676864 -0.99999894678889411637
DJI_20211224092319_0130.JPG 8192 5460
8194.32041459716128883883 0 4074.31099333690553976339
0 8194.32041459716128883883 2747.96376794665047782473
0 0 1
-0.04931030270217909295 0.01862933985757429106 -0.09491262121637447646
0.00092341743593677761 -0.00096724222700711178
-211.32238130370782869250 -462.97025712566198762943 150.42597739846013382703
0.90622439081403904915 0.42279702108440642139 -0.00018015514430299247
0.42279672610408997047 -0.90622305893068022531 0.00164190681345983448
0.00053093256367665225 -0.00156410500700317353 -0.99999863584213954937
DJI_20211224092321_0131.JPG 8192 5460
8194.32041459716128883883 0 4074.31099333690553976339
0 8194.32041459716128883883 2747.96376794665047782473
0 0 1
-0.04931030270217909295 0.01862933985757429106 -0.09491262121637447646
0.00092341743593677761 -0.00096724222700711178
-221.03009403037921742907 -444.38950580113157684536 150.42840048659587637303
0.90601128867588887061 0.42325332536322413102 -0.00040909757733831331
0.42325336561544496528 -0.90600969469953207547 0.00173827663478150771
0.00036508499492586430 -0.00174805018042714709 -0.99999840551548546674
DJI_20211224092322_0132.JPG 8192 5460
8194.32041459716128883883 0 4074.31099333690553976339
0 8194.32041459716128883883 2747.96376794665047782473
0 0 1
-0.04931030270217909295 0.01862933985757429106 -0.09491262121637447646
0.00092341743593677761 -0.00096724222700711178
-230.71878970871870251358 -425.80616148295172251892 150.43115622499436767612
0.90564437165910982586 0.42403790202176216972 -0.00036018211863683041
0.42403796172269281328 -0.90564328236625357693 0.00143252327809095066
0.00028124764926713359 -0.00145008753550945001 -0.99999890907235444715
DJI_20211224092324_0133.JPG 8192 5460
8194.32041459716128883883 0 4074.31099333690553976339
0 8194.32041459716128883883 2747.96376794665047782473
0 0 1
-0.04931030270217909295 0.01862933985757429106 -0.09491262121637447646
0.00092341743593677761 -0.00096724222700711178
-239.72816186051625209075 -408.57617077932422944286 150.43517693350571562405
0.90547616902311001130 0.42439699812920350652 -0.00030872342482627789
0.42439695842202324050 -0.90547498949403071311 0.00150501924258229064
0.00035918430882747663 -0.00149378034056937771 -0.99999881980276672522
DJI_20211224092325_0134.JPG 8192 5460
8194.32041459716128883883 0 4074.31099333690553976339
0 8194.32041459716128883883 2747.96376794665047782473
0 0 1
-0.04931030270217909295 0.01862933985757429106 -0.09491262121637447646
0.00092341743593677761 -0.00096724222700711178
-249.41363132538145919170 -390.05887449408044176380 150.42418811799171862731
0.90540613755096044368 0.42454648672248945784 -0.00008183301511109638
0.42454614711987187503 -0.90540513304135750161 0.00145396974997592343
0.00054318571721921702 -0.00135117502671425476 -0.99999893963709973743
DJI_20211224092327_0135.JPG 8192 5460
8194.32041459716128883883 0 4074.31099333690553976339
0 8194.32041459716128883883 2747.96376794665047782473
0 0 1
-0.04931030270217909295 0.01862933985757429106 -0.09491262121637447646
0.00092341743593677761 -0.00096724222700711178
-259.00129951653872240058 -371.81369349820744218960 150.36650196276053748079
0.90507777540166300945 0.42524606478746651561 0.00006969039021979244
0.42524525804913504423 -0.90507635441237299645 0.00180643027350086967
0.00083125248943689714 -0.00160532438538582459 -0.99999836597512326009
DJI_20211224092328_0136.JPG 8192 5460
8194.32041459716128883883 0 4074.31099333690553976339
0 8194.32041459716128883883 2747.96376794665047782473
0 0 1
-0.04931030270217909295 0.01862933985757429106 -0.09491262121637447646
0.00092341743593677761 -0.00096724222700711178
-268.16038974469108779886 -354.32177219022258896075 150.37512110735332271361
0.90492052549525126004 0.42558045592244020394 0.00034361933328759596
0.42557923072151027100 -0.90491937455223026010 0.00180109369219044551
0.00107745806684410653 -0.00148360939888158693 -0.99999831899221991449
DJI_20211224092330_0137.JPG 8192 5460
8194.32041459716128883883 0 4074.31099333690553976339
0 8194.32041459716128883883 2747.96376794665047782473
0 0 1
-0.04931030270217909295 0.01862933985757429106 -0.09491262121637447646
0.00092341743593677761 -0.00096724222700711178
-277.76899283147218966405 -336.05343165062464549919 150.38662899843487252838
0.90484622544096215968 0.42573828381508926899 0.00047116815052377194
0.42573674479546957938 -0.90484506418396271066 0.00190629296744171416
0.00123791607180953091 -0.00152430840151899344 -0.99999807202198964795
DJI_20211224092331_0138.JPG 8192 5460
8194.32041459716128883883 0 4074.31099333690553976339
0 8194.32041459716128883883 2747.96376794665047782473
0 0 1
-0.04931030270217909295 0.01862933985757429106 -0.09491262121637447646
0.00092341743593677761 -0.00096724222700711178
-287.61655601168376961141 -317.28928934208721557297 150.34513146064398370072
0.90492153370030281589 0.42557795492697148010 0.00064971198878082867
0.42557623783636455705 -0.90492069685752163366 0.00184341746312893925
0.00137245565967931363 -0.00139164617412203370 -0.99999808984136984158
DJI_20211224092333_0139.JPG 8192 5460
8194.32041459716128883883 0 4074.31099333690553976339
0 8194.32041459716128883883 2747.96376794665047782473
0 0 1
-0.04931030270217909295 0.01862933985757429106 -0.09491262121637447646
0.00092341743593677761 -0.00096724222700711178
-297.19467004638158869056 -298.90847539296163404288 150.33232734587406298488
0.90500834999951185189 0.42539320191942497917 0.00071427718742806756
0.42539112255488781278 -0.90500733383166698243 0.00202942415233004674
0.00150972933122335085 -0.00153279862897399977 -0.99999768562017654627
DJI_20211224092334_0140.JPG 8192 5460
8194.32041459716128883883 0 4074.31099333690553976339
0 8194.32041459716128883883 2747.96376794665047782473
0 0 1
-0.04931030270217909295 0.01862933985757429106 -0.09491262121637447646
0.00092341743593677761 -0.00096724222700711178
-306.20637965048558726266 -281.68850949581224085705 150.33287142665921010121
0.90513243572096024891 0.42512869270408198963 0.00093190426539490169
0.42512576499270587904 -0.90513130146768916440 0.00232616482085658575
0.00183241512988516339 -0.00170931071646435954 -0.99999686025090417374
DJI_20211224092336_0141.JPG 8192 5460
8194.32041459716128883883 0 4074.31099333690553976339
0 8194.32041459716128883883 2747.96376794665047782473
0 0 1
-0.04931030270217909295 0.01862933985757429106 -0.09491262121637447646
0.00092341743593677761 -0.00096724222700711178
-315.90980322643270028493 -263.22554819513976553935 150.35471312225624274106
0.90512186204856648342 0.42515082711385221437 0.00109043392426656761
0.42514742003804134596 -0.90512084900788525310 0.00243308985490159552
0.00202140464357289124 -0.00173864765037612000 -0.99999644550749022809
DJI_20211224092337_0142.JPG 8192 5460
8194.32041459716128883883 0 4074.31099333690553976339
0 8194.32041459716128883883 2747.96376794665047782473
0 0 1
-0.04931030270217909295 0.01862933985757429106 -0.09491262121637447646
0.00092341743593677761 -0.00096724222700711178
-325.72832106062190860030 -244.50476325563985824374 150.36881595778061182500
0.90511730367443110623 0.42516032617371257718 0.00116774868441888455
0.42515651267225668120 -0.90511622214185749602 0.00256205933124715275
0.00214623425860178789 -0.00182248827540719026 -0.99999603609964038409
DJI_20211224092339_0143.JPG 8192 5460
8194.32041459716128883883 0 4074.31099333690553976339
0 8194.32041459716128883883 2747.96376794665047782473
0 0 1
-0.04931030270217909295 0.01862933985757429106 -0.09491262121637447646
0.00092341743593677761 -0.00096724222700711178
-335.34321819164932776403 -226.14146403381730010551 150.36937074652286128185
0.90506901046936738542 0.42526299223563091001 0.00121396985046131624
0.42526054849254679713 -0.90506908566429100649 0.00184826151353763377
0.00188472380426200968 -0.00115655073468552694 -0.99999755510030108319
DJI_20211224092340_0144.JPG 8192 5460
8194.32041459716128883883 0 4074.31099333690553976339
0 8194.32041459716128883883 2747.96376794665047782473
0 0 1
-0.04931030270217909295 0.01862933985757429106 -0.09491262121637447646
0.00092341743593677761 -0.00096724222700711178
-344.49928852298393167075 -208.67419936874688346506 150.35605121363462899353
0.90504375388426916427 0.42531664906521848835 0.00124562554744288615
0.42531457345702516903 -0.90504411570647602669 0.00163163419667021036
0.00182130726111483557 -0.00094691763992250651 -0.99999789309120235004
DJI_20211224092341_0145.JPG 8192 5460
8194.32041459716128883883 0 4074.31099333690553976339
0 8194.32041459716128883883 2747.96376794665047782473
0 0 1
-0.04931030270217909295 0.01862933985757429106 -0.09491262121637447646
0.00092341743593677761 -0.00096724222700711178
-354.18955760633980389684 -190.17590048583920747660 150.34976476561595859494
0.90513150186389090823 0.42512955968923010763 0.00134974518285954441
0.42512760449206632440 -0.90513215536578162101 0.00151697782838231812
0.00186660988279473985 -0.00079925048383412711 -0.99999793848097984217
DJI_20211224092343_0146.JPG 8192 5460
8194.32041459716128883883 0 4074.31099333690553976339
0 8194.32041459716128883883 2747.96376794665047782473
0 0 1
-0.04931030270217909295 0.01862933985757429106 -0.09491262121637447646
0.00092341743593677761 -0.00096724222700711178
-363.89473559875051478230 -171.60029143183416522334 150.36186867286110668829
0.90514362391046621070 0.42510409792283732067 0.00123532321240087551
0.42510214615724373211 -0.90514402511910907467 0.00156815932958196541
0.00178477638199681945 -0.00089427086965735455 -0.99999800742445377200
DJI_20211224092344_0147.JPG 8192 5460
8194.32041459716128883883 0 4074.31099333690553976339
0 8194.32041459716128883883 2747.96376794665047782473
0 0 1
-0.04931030270217909295 0.01862933985757429106 -0.09491262121637447646
0.00092341743593677761 -0.00096724222700711178
-373.57078088962526862815 -153.10764753923328385099 150.35007667950867471518
0.90505318874691809139 0.42529619045955857626 0.00136964215126762876
0.42529397888949271866 -0.90505377323196034567 0.00164288737754373455
0.00193831354000575159 -0.00090439989963064435 -0.99999771249810476270
DJI_20211224092346_0148.JPG 8192 5460
8194.32041459716128883883 0 4074.31099333690553976339
0 8194.32041459716128883883 2747.96376794665047782473
0 0 1
-0.04931030270217909295 0.01862933985757429106 -0.09491262121637447646
0.00092341743593677761 -0.00096724222700711178
-382.65844534998865356101 -135.85126476999712963334 150.35060815452803240078
0.90483591153522868744 0.42575767906312533828 0.00154010226692275756
0.42575540723845189950 -0.90483687477056062853 0.00160101925802709163
0.00207518756546242519 -0.00079295285187983716 -0.99999753240812694344
DJI_20211224092347_0149.JPG 8192 5460
8194.32041459716128883883 0 4074.31099333690553976339
0 8194.32041459716128883883 2747.96376794665047782473
0 0 1
-0.04931030270217909295 0.01862933985757429106 -0.09491262121637447646
0.00092341743593677761 -0.00096724222700711178
-392.77875541957928362535 -116.59012884819016164784 150.35615126050745971042
0.90472601274355091139 0.42599177023547840637 0.00136145392850866979
0.42598955416264105978 -0.90472657726729588390 0.00164928181889559223
0.00193432403449528560 -0.00091218301188145611 -0.99999771315372631975
DJI_20211224092349_0150.JPG 8192 5460
8194.32041459716128883883 0 4074.31099333690553976339
0 8194.32041459716128883883 2747.96376794665047782473
0 0 1
-0.04931030270217909295 0.01862933985757429106 -0.09491262121637447646
0.00092341743593677761 -0.00096724222700711178
-402.14236193456895307463 -98.71355751979307058264 150.34511867794040540502
0.90480017180519101139 0.42583416684786234985 0.00138255064418498462
0.42583174042355248501 -0.90480068523415591031 0.00174609497168447193
0.00199447966773399652 -0.00099113308333129493 -0.99999751984995743914
DJI_20211224092350_0151.JPG 8192 5460
8194.32041459716128883883 0 4074.31099333690553976339
0 8194.32041459716128883883 2747.96376794665047782473
0 0 1
-0.04931030270217909295 0.01862933985757429106 -0.09491262121637447646
0.00092341743593677761 -0.00096724222700711178
-411.81317484695244957038 -80.20623683535114878396 150.35886810325604301397
0.90495824587982909293 0.42549822737969078545 0.00135340712417330428
0.42549543413235002554 -0.90495848537875234197 0.00194300630914181994
0.00205152300152008655 -0.00118247102939648702 -0.99999719650388962933
DJI_20211224092352_0152.JPG 8192 5460
8194.32041459716128883883 0 4074.31099333690553976339
0 8194.32041459716128883883 2747.96376794665047782473
0 0 1
-0.04931030270217909295 0.01862933985757429106 -0.09491262121637447646
0.00092341743593677761 -0.00096724222700711178
-420.83060869936912240519 -62.93063411068636980872 150.36186724827294369788
0.90505938404446573120 0.42528332337616031600 0.00126736387062220722
0.42528016873847213075 -0.90505914559526456920 0.00217279822954355873
0.00207109411398976413 -0.00142752670653234362 -0.99999683636333225323
DJI_20211224092353_0153.JPG 8192 5460
8194.32041459716128883883 0 4074.31099333690553976339
0 8194.32041459716128883883 2747.96376794665047782473
0 0 1
-0.04931030270217909295 0.01862933985757429106 -0.09491262121637447646
0.00092341743593677761 -0.00096724222700711178
-430.60530330209741123326 -44.33326768286712393774 150.37645850986723417009
0.90510077381305009681 0.42519579618898606377 0.00106025762534673251
0.42519296833716968553 -0.90510014318977416448 0.00216112805657015525
0.00187854189319908074 -0.00150522458938744477 -0.99999710268544828029
DJI_20211224092355_0154.JPG 8192 5460
8194.32041459716128883883 0 4074.31099333690553976339
0 8194.32041459716128883883 2747.96376794665047782473
0 0 1
-0.04931030270217909295 0.01862933985757429106 -0.09491262121637447646
0.00092341743593677761 -0.00096724222700711178
-440.17203293501046346137 -26.00418654387953409923 150.39455369904354142818
0.90509336307825671852 0.42521079762797897583 0.00133480046027934017
0.42520725294317252008 -0.90509306685441448526 0.00230919392673548324
0.00219001283369779165 -0.00152246926020624331 -0.99999644295924372539
DJI_20211224092356_0155.JPG 8192 5460
8194.32041459716128883883 0 4074.31099333690553976339
0 8194.32041459716128883883 2747.96376794665047782473
0 0 1
-0.04931030270217909295 0.01862933985757429106 -0.09491262121637447646
0.00092341743593677761 -0.00096724222700711178
-449.34627358749156655904 -8.43595414778583574389 150.41264957157409298816
0.90513815747180437210 0.42511540712872347703 0.00134406485213108538
0.42511216275059943159 -0.90513809196362804421 0.00216415294071044826
0.00213657905421225274 -0.00138747908907533224 -0.99999675496059603486
DJI_20211224092358_0156.JPG 8192 5460
8194.32041459716128883883 0 4074.31099333690553976339
0 8194.32041459716128883883 2747.96376794665047782473
0 0 1
-0.04931030270217909295 0.01862933985757429106 -0.09491262121637447646
0.00092341743593677761 -0.00096724222700711178
-458.98733378649933456472 9.97749241428754451988 150.39740529499255217161
0.90514869852950741169 0.42509252334584973765 0.00147653167834489382
0.42508986619372207683 -0.90514933611097792010 0.00181245613996282935
0.00210694322239118621 -0.00101288366265074679 -0.99999726742473826757
DJI_20211224092359_0157.JPG 8192 5460
8194.32041459716128883883 0 4074.31099333690553976339
0 8194.32041459716128883883 2747.96376794665047782473
0 0 1
-0.04931030270217909295 0.01862933985757429106 -0.09491262121637447646
0.00092341743593677761 -0.00096724222700711178
-468.99517859547694342837 29.07719508443974021361 150.41304779271121105921
0.90505951224403990985 0.42528202513559082432 0.00157429131710363590
0.42528027958901210015 -0.90506072339764542800 0.00133069741952991302
0.00199075093171683509 -0.00053484530597175742 -0.99999787542335627499
DJI_20211224092401_0158.JPG 8192 5460
8194.32041459716128883883 0 4074.31099333690553976339
0 8194.32041459716128883883 2747.96376794665047782473
0 0 1
-0.04931030270217909295 0.01862933985757429106 -0.09491262121637447646
0.00092341743593677761 -0.00096724222700711178
-478.40784559697181066440 46.99654362215262182190 150.41368723545303964784
0.90496304437049857050 0.42548680892579054946 0.00169226293074283126
0.42548534412864014165 -0.90496456469702568626 0.00116557902159916725
0.00202737648492367370 -0.00033477286439751483 -0.99999788883363027736
DJI_20211224092402_0159.JPG 8192 5460
8194.32041459716128883883 0 4074.31099333690553976339
0 8194.32041459716128883883 2747.96376794665047782473
0 0 1
-0.04931030270217909295 0.01862933985757429106 -0.09491262121637447646
0.00092341743593677761 -0.00096724222700711178
-487.71746839756161762125 64.66776321200171651071 150.40633059846720698260
0.90504858192773196546 0.42530484918831967800 0.00168807804978049546
0.42530243209261109349 -0.90504985029821494180 0.00161546627588116261
0.00221486042707799442 -0.00074413176200452370 -0.99999727032687912853
DJI_20211224092404_0160.JPG 8192 5460
8194.32041459716128883883 0 4074.31099333690553976339
0 8194.32041459716128883883 2747.96376794665047782473
0 0 1
-0.04931030270217909295 0.01862933985757429106 -0.09491262121637447646
0.00092341743593677761 -0.00096724222700711178
-497.53444762533621315015 83.36471416850183402403 150.37937249230304814773
0.90525863639200576660 0.42485839868824315513 0.00146366039375394924
0.42485583894495454471 -0.90525928676554578978 0.00177195911754946043
0.00207782387733977409 -0.00098223662997636951 -0.99999735892608121457
DJI_20211224092405_0161.JPG 8192 5460
8194.32041459716128883883 0 4074.31099333690553976339
0 8194.32041459716128883883 2747.96376794665047782473
0 0 1
-0.04931030270217909295 0.01862933985757429106 -0.09491262121637447646
0.00092341743593677761 -0.00096724222700711178
-507.39793548242079168631 102.12329217580384010944 150.34089211947863873320
0.90527794131342120831 0.42481864407642466741 0.00098418311402539180
0.42481592087813246916 -0.90527715955865306618 0.00216742932562907558
0.00181172288119571989 -0.00154402930195042163 -0.99999716681284478437
DJI_20211224092406_0162.JPG 8192 5460
8194.32041459716128883883 0 4074.31099333690553976339
0 8194.32041459716128883883 2747.96376794665047782473
0 0 1
-0.04931030270217909295 0.01862933985757429106 -0.09491262121637447646
0.00092341743593677761 -0.00096724222700711178
-516.12231323125388371409 118.70596952537664492411 150.36891970248007055488
0.90524317338366255825 0.42489324058886263069 0.00072879638529341239
0.42489025888958215083 -0.90524122490368352789 0.00256761282566386143
0.00175069786660222971 -0.00201465549749943679 -0.99999643810375959951
DJI_20211224092408_0163.JPG 8192 5460
8194.32041459716128883883 0 4074.31099333690553976339
0 8194.32041459716128883883 2747.96376794665047782473
0 0 1
-0.04931030270217909295 0.01862933985757429106 -0.09491262121637447646
0.00092341743593677761 -0.00096724222700711178
-526.05331575933860221994 137.76326785178750355954 150.37226702391114940838
0.90516639579065694132 0.42505684662235748705 0.00068780143161460163
0.42505386209870033021 -0.90516427508948948955 0.00261713902917910324
0.00173500614716811177 -0.00207659364746030656 -0.99999633874954385604
DJI_20211224092409_0164.JPG 8192 5460
8194.32041459716128883883 0 4074.31099333690553976339
0 8194.32041459716128883883 2747.96376794665047782473
0 0 1
-0.04931030270217909295 0.01862933985757429106 -0.09491262121637447646
0.00092341743593677761 -0.00096724222700711178
-535.49641364816613986477 155.88369527014850746127 150.37413048370737556070
0.90515570672854051004 0.42507963433491519067 0.00067160289690881988
0.42507658861494718172 -0.90515344268256614502 0.00267189284543337385
0.00174367090797149758 -0.00213299638848925971 -0.99999620496188446062
DJI_20211224092411_0165.JPG 8192 5460
8194.32041459716128883883 0 4074.31099333690553976339
0 8194.32041459716128883883 2747.96376794665047782473
0 0 1
-0.04931030270217909295 0.01862933985757429106 -0.09491262121637447646
0.00092341743593677761 -0.00096724222700711178
-545.21242786515847456030 174.43259781162871036031 150.37900677111937852715
0.90528530179079680362 0.42480361771664792991 0.00063932495183593421
0.42480068898456008197 -0.90528304003431903091 0.00264425121057626326
0.00170205751637225169 -0.00212221607515228686 -0.99999629959272406943
DJI_20211224092412_0166.JPG 8192 5460
8194.32041459716128883883 0 4074.31099333690553976339
0 8194.32041459716128883883 2747.96376794665047782473
0 0 1
-0.04931030270217909295 0.01862933985757429106 -0.09491262121637447646
0.00092341743593677761 -0.00096724222700711178
-554.41586411745333862200 192.00276166286104739811 150.36413875425694186561
0.90521829954127941420 0.42494610882971761701 0.00079672208233334612
0.42494304592514642316 -0.90521653205497465411 0.00253728481335196510
0.00179941530880806328 -0.00195823513577182088 -0.99999646370359707159
DJI_20211224092414_0167.JPG 8192 5460
8194.32041459716128883883 0 4074.31099333690553976339
0 8194.32041459716128883883 2747.96376794665047782473
0 0 1
-0.04931030270217909295 0.01862933985757429106 -0.09491262121637447646
0.00092341743593677761 -0.00096724222700711178
-563.86754411297727074270 210.12333057675093073158 150.40932630763145994024
0.90504512118660551678 0.42531459449045055932 0.00090792606865993828
0.42531173400242067162 -0.90504396881401683039 0.00231158673364726449
0.00180486458682038980 -0.00170593868487937906 -0.99999691611375818301
DJI_20211224092415_0168.JPG 8192 5460
8194.32041459716128883883 0 4074.31099333690553976339
0 8194.32041459716128883883 2747.96376794665047782473
0 0 1
-0.04931030270217909295 0.01862933985757429106 -0.09491262121637447646
0.00092341743593677761 -0.00096724222700711178
-573.63616695428765979159 228.81982449340819130157 150.40102865612900018277
0.90500343337586708348 0.42540329617290029152 0.00090619154937825967
0.42540081769042897841 -0.90500262523573482554 0.00209585895099289633
0.00171169103721961801 -0.00151126492043044585 -0.99999739309266877374
DJI_20211224092417_0169.JPG 8192 5460
8194.32041459716128883883 0 4074.31099333690553976339
0 8194.32041459716128883883 2747.96376794665047782473
0 0 1
-0.04931030270217909295 0.01862933985757429106 -0.09491262121637447646
0.00092341743593677761 -0.00096724222700711178
-583.30637889211175206583 247.34150335540471132845 150.33342809828528174876
0.90484712459761829084 0.42573549029917628905 0.00098661397829837038
0.42573251069798156987 -0.90484613113933054507 0.00230397417053869891
0.00187361741432219521 -0.00166471075728843532 -0.99999685914300706635
DJI_20211224092451_0186.JPG 8192 5460
8194.32041459716128883883 0 4074.31099333690553976339
0 8194.32041459716128883883 2747.96376794665047782473
0 0 1
-0.04931030270217909295 0.01862933985757429106 -0.09491262121637447646
0.00092341743593677761 -0.00096724222700711178
-526.19921077619096649869 270.98654647705751585818 150.41562181652639651475
-0.87661499189798952614 -0.48118685319333925898 -0.00231695782858624098
-0.48119206774517903069 0.87661008671815709992 0.00299162215264601973
0.00059153935346407602 0.00373740255751942984 -0.99999284092603202279
DJI_20211224092452_0187.JPG 8192 5460
8194.32041459716128883883 0 4074.31099333690553976339
0 8194.32041459716128883883 2747.96376794665047782473
0 0 1
-0.04931030270217909295 0.01862933985757429106 -0.09491262121637447646
0.00092341743593677761 -0.00096724222700711178
-517.38106244800985678012 254.21209561694030298895 150.38909835037785001077
-0.87662676601663225284 -0.48116439894889806439 -0.00251680101840471042
-0.48116940603669877685 0.87662528808016193516 0.00202657165269804884
0.00123117728660214238 0.00298755460514402551 -0.99999477934635749854
DJI_20211224092453_0188.JPG 8192 5460
8194.32041459716128883883 0 4074.31099333690553976339
0 8194.32041459716128883883 2747.96376794665047782473
0 0 1
-0.04931030270217909295 0.01862933985757429106 -0.09491262121637447646
0.00092341743593677761 -0.00096724222700711178
-507.71808232446460351639 235.81012735764693388774 150.38742485349672506345
-0.87673017167963973595 -0.48097587887395804040 -0.00253179936269466851
-0.48098011657481659631 0.87673032158296471117 0.00143898460971997799
0.00152758838209267594 0.00247934637653708396 -0.99999575964864972910
DJI_20211224092455_0189.JPG 8192 5460
8194.32041459716128883883 0 4074.31099333690553976339
0 8194.32041459716128883883 2747.96376794665047782473
0 0 1
-0.04931030270217909295 0.01862933985757429106 -0.09491262121637447646
0.00092341743593677761 -0.00096724222700711178
-498.05222331673707003574 217.38045269016137694962 150.34723919033572769877
-0.87698464779944740322 -0.48051026139363084422 -0.00279575025776274523
-0.48051547905152158791 0.87698475088586425041 0.00161898287372718819
0.00167389245949668870 0.00276322439972625546 -0.99999478132385799523
DJI_20211224092456_0190.JPG 8192 5460
8194.32041459716128883883 0 4074.31099333690553976339
0 8194.32041459716128883883 2747.96376794665047782473
0 0 1
-0.04931030270217909295 0.01862933985757429106 -0.09491262121637447646
0.00092341743593677761 -0.00096724222700711178
-488.26060804605174325843 198.59007677085190834987 150.39423067925929444755
-0.87718438455768366069 -0.48014533624087379904 -0.00283047245101979237
-0.48015068056381471351 0.87718449854084312722 0.00163690981893770647
0.00169689194217163440 0.00279492500577558332 -0.99999465446168689375
DJI_20211224092458_0191.JPG 8192 5460
8194.32041459716128883883 0 4074.31099333690553976339
0 8194.32041459716128883883 2747.96376794665047782473
0 0 1
-0.04931030270217909295 0.01862933985757429106 -0.09491262121637447646
0.00092341743593677761 -0.00096724222700711178
-479.27497921203587338823 181.47275791053965576793 150.41975539992091626118
-0.87720529810016723005 -0.48010694820507532343 -0.00286064157241132117
-0.48011176934564508967 0.87720636036697063886 0.00130010289068675311
0.00188518455084916948 0.00251388483057987016 -0.99999506321894793270
DJI_20211224092459_0192.JPG 8192 5460
8194.32041459716128883883 0 4074.31099333690553976339
0 8194.32041459716128883883 2747.96376794665047782473
0 0 1
-0.04931030270217909295 0.01862933985757429106 -0.09491262121637447646
0.00092341743593677761 -0.00096724222700711178
-469.58787283277837332207 162.97011631064046355277 150.40696146193246818257
-0.87715219960582568870 -0.48020396448841062842 -0.00285853393803625492
-0.48020845860331928812 0.87715366563950170065 0.00113275814257527731
0.00196341857123224486 0.00236629347263098014 -0.99999527281018463221
DJI_20211224092501_0193.JPG 8192 5460
8194.32041459716128883883 0 4074.31099333690553976339
0 8194.32041459716128883883 2747.96376794665047782473
0 0 1
-0.04931030270217909295 0.01862933985757429106 -0.09491262121637447646
0.00092341743593677761 -0.00096724222700711178
-459.80610410913396890464 144.26761423319553045985 150.39659516428355345852
-0.87713439233142875828 -0.48023735277939499921 -0.00270975733494981542
-0.48024174789449480816 0.87713525166463690574 0.00127038043698240273
0.00176673954386214176 0.00241563297152852215 -0.99999552166433780531
DJI_20211224092502_0194.JPG 8192 5460
8194.32041459716128883883 0 4074.31099333690553976339
0 8194.32041459716128883883 2747.96376794665047782473
0 0 1
-0.04931030270217909295 0.01862933985757429106 -0.09491262121637447646
0.00092341743593677761 -0.00096724222700711178
-450.22033023483680835852 125.96925607132560287482 150.45102510945886820082
-0.87710044648245677479 -0.48030084277643753099 -0.00243047495743010282
-0.48030492484386549945 0.87710028853722021847 0.00150433329202796394
0.00140923773846674764 0.00248682049385951388 -0.99999591487806982482
DJI_20211224092504_0195.JPG 8192 5460
8194.32041459716128883883 0 4074.31099333690553976339
0 8194.32041459716128883883 2747.96376794665047782473
0 0 1
-0.04931030270217909295 0.01862933985757429106 -0.09491262121637447646
0.00092341743593677761 -0.00096724222700711178
-441.20661708881863205534 108.71144801284593484070 150.43638410460738441543
-0.87685260228766026547 -0.48075448816973104238 -0.00215312935474286761
-0.48075802602225492510 0.87685181662172051453 0.00161619997943279682
0.00111097999223569227 0.00245230337613966311 -0.99999637595923740463
DJI_20211224092505_0196.JPG 8192 5460
8194.32041459716128883883 0 4074.31099333690553976339
0 8194.32041459716128883883 2747.96376794665047782473
0 0 1
-0.04931030270217909295 0.01862933985757429106 -0.09491262121637447646
0.00092341743593677761 -0.00096724222700711178
-431.42785644315131321491 90.00583667580281144183 150.39645379384725742966
-0.87711113622570835435 -0.48028224001345859451 -0.00224157009734643909
-0.48028635696674570887 0.87710960103006729849 0.00193986919345042613
0.00103441793220099233 0.00277807640833666655 -0.99999560612585236541
DJI_20211224092507_0197.JPG 8192 5460
8194.32041459716128883883 0 4074.31099333690553976339
0 8194.32041459716128883883 2747.96376794665047782473
0 0 1
-0.04931030270217909295 0.01862933985757429106 -0.09491262121637447646
0.00092341743593677761 -0.00096724222700711178
-421.79217290218605285190 71.62348452642163465498 150.43344401702907475737
-0.87766937321401317096 -0.47926234181957660940 -0.00201966228276744507
-0.47926578392814622731 0.87766785456551232869 0.00185618374901055753
0.00088299369226514754 0.00259707065478478188 -0.99999623776599955161
DJI_20211224092508_0198.JPG 8192 5460
8194.32041459716128883883 0 4074.31099333690553976339
0 8194.32041459716128883883 2747.96376794665047782473
0 0 1
-0.04931030270217909295 0.01862933985757429106 -0.09491262121637447646
0.00092341743593677761 -0.00096724222700711178
-411.90516984787416276959 52.93933418325369899549 150.40472216779252789820
-0.87748301033562681184 -0.47960346521757396543 -0.00202057507199359830
-0.47960708648773936469 0.87748091709541820027 0.00206947435981357257
0.00078048899308757330 0.00278501071437021195 -0.99999581726737862830
DJI_20211224092510_0199.JPG 8192 5460
8194.32041459716128883883 0 4074.31099333690553976339
0 8194.32041459716128883883 2747.96376794665047782473
0 0 1
-0.04931030270217909295 0.01862933985757429106 -0.09491262121637447646
0.00092341743593677761 -0.00096724222700711178
-403.03144514469062187345 36.09643143015114929995 150.39701430087725952944
-0.87729016910928625528 -0.47995630559979812757 -0.00197582873576400029
-0.47995998072538909041 0.87728727928201344355 0.00233377634883864555
0.00061325874144083840 0.00299571776966986751 -0.99999532478345143360
DJI_20211224092511_0200.JPG 8192 5460
8194.32041459716128883883 0 4074.31099333690553976339
0 8194.32041459716128883883 2747.96376794665047782473
0 0 1
-0.04931030270217909295 0.01862933985757429106 -0.09491262121637447646
0.00092341743593677761 -0.00096724222700711178
-393.29267564250864097630 17.55812694324848521887 150.38732121982286571438
-0.87732988156395264046 -0.47988251585946078981 -0.00224719544656209937
-0.47988734693241158480 0.87732574766925075505 0.00276888619504533787
0.00064278235190714334 0.00350762725845247137 -0.99999364167071769227
DJI_20211224092513_0201.JPG 8192 5460
8194.32041459716128883883 0 4074.31099333690553976339
0 8194.32041459716128883883 2747.96376794665047782473
0 0 1
-0.04931030270217909295 0.01862933985757429106 -0.09491262121637447646
0.00092341743593677761 -0.00096724222700711178
-383.22451618916437610096 -1.78866159282417935827 150.35689526499845669605
-0.87750146745072388210 -0.47956853556052575493 -0.00227910556117448667
-0.47957375947607594480 0.87749545646402915544 0.00327614208607752977
0.00042877011222410672 0.00396781871032538848 -0.99999203625372579118
DJI_20211224092514_0202.JPG 8192 5460
8194.32041459716128883883 0 4074.31099333690553976339
0 8194.32041459716128883883 2747.96376794665047782473
0 0 1
-0.04931030270217909295 0.01862933985757429106 -0.09491262121637447646
0.00092341743593677761 -0.00096724222700711178
-374.43533299963371518970 -18.73109271979170742384 150.34654015620026257238
-0.87766213060792286349 -0.47927529653213368777 -0.00209156180793933742
-0.47927984751532498597 0.87765475822936578343 0.00359904473993880644
0.00011073593790218695 0.00416118869898597383 -0.99999133608555001995
DJI_20211224092516_0203.JPG 8192 5460
8194.32041459716128883883 0 4074.31099333690553976339
0 8194.32041459716128883883 2747.96376794665047782473
0 0 1
-0.04931030270217909295 0.01862933985757429106 -0.09491262121637447646
0.00092341743593677761 -0.00096724222700711178
-364.42385383236592133471 -37.80821345326734217451 150.31669326693597099620
-0.87786144049262471167 -0.47891078798087299839 -0.00193609187624905750
-0.47891469988313423167 0.87785393361791297373 0.00363062906453021604
-0.00003914155674950492 0.00411441212034287761 -0.99999153500459325716
DJI_20211224092517_0204.JPG 8192 5460
8194.32041459716128883883 0 4074.31099333690553976339
0 8194.32041459716128883883 2747.96376794665047782473
0 0 1
-0.04931030270217909295 0.01862933985757429106 -0.09491262121637447646
0.00092341743593677761 -0.00096724222700711178
-355.05354773148064850830 -55.70927577785878526129 150.31248538302870088046
-0.87778849628643895731 -0.47904442920654705107 -0.00194695489568122698
-0.47904832171101258131 0.87777902981189348530 0.00408415087294076041
-0.00024749354430274339 0.00451770612858874796 -0.99998976448675769291
DJI_20211224092519_0205.JPG 8192 5460
8194.32041459716128883883 0 4074.31099333690553976339
0 8194.32041459716128883883 2747.96376794665047782473
0 0 1
-0.04931030270217909295 0.01862933985757429106 -0.09491262121637447646
0.00092341743593677761 -0.00096724222700711178
-345.36670028759823480868 -74.13419269116648990803 150.32648989233751990469
-0.87784431249873384751 -0.47894307013167924936 -0.00170252355833808828
-0.47894591639385347692 0.87783535700884274267 0.00398687281081035096
-0.00041494972858434646 0.00431527032745606699 -0.99999060308521081630
DJI_20211224092520_0206.JPG 8192 5460
8194.32041459716128883883 0 4074.31099333690553976339
0 8194.32041459716128883883 2747.96376794665047782473
0 0 1
-0.04931030270217909295 0.01862933985757429106 -0.09491262121637447646
0.00092341743593677761 -0.00096724222700711178
-336.29654595874728784111 -91.44488319793418895642 150.33975628637332988546
-0.87780235676857931715 -0.47902001602879135111 -0.00168721525135661840
-0.47902251400891793232 0.87779109258107590463 0.00449765026399093302
-0.00067344198264105348 0.00475626209303109913 -0.99998846215683834249
DJI_20211224092521_0207.JPG 8192 5460
8194.32041459716128883883 0 4074.31099333690553976339
0 8194.32041459716128883883 2747.96376794665047782473
0 0 1
-0.04931030270217909295 0.01862933985757429106 -0.09491262121637447646
0.00092341743593677761 -0.00096724222700711178
-326.60456248492812392215 -109.94592654939741294129 150.35257632314747411328
-0.87783577586990069186 -0.47895865027395984059 -0.00172102604161002886
-0.47896093887155621882 0.87782205470925755986 0.00498591027740985689
-0.00087729024080103403 0.00520111466549973145 -0.99998608928728083267
DJI_20211224092523_0208.JPG 8192 5460
8194.32041459716128883883 0 4074.31099333690553976339
0 8194.32041459716128883883 2747.96376794665047782473
0 0 1
-0.04931030270217909295 0.01862933985757429106 -0.09491262121637447646
0.00092341743593677761 -0.00096724222700711178
-316.64054712452985995697 -128.99395427938713964977 150.34038675588618616530
-0.87782304237728914220 -0.47898207548719579085 -0.00169635888251624674
-0.47898393839241443226 0.87780771597286910701 0.00529155370251185864
-0.00104548245884921029 0.00545757642851635565 -0.99998456079379294259
DJI_20211224092524_0209.JPG 8192 5460
8194.32041459716128883883 0 4074.31099333690553976339
0 8194.32041459716128883883 2747.96376794665047782473
0 0 1
-0.04931030270217909295 0.01862933985757429106 -0.09491262121637447646
0.00092341743593677761 -0.00096724222700711178
-306.98367092255989518890 -147.39741265456592600458 150.32863078656464494998
-0.87792031141638382508 -0.47880411548769397090 -0.00159555463921530385
-0.47880482198080864809 0.87790234250274834515 0.00578095806189826960
-0.00136720535614041168 0.00583917975697692115 -0.99998201720294943584
DJI_20211224092526_0210.JPG 8192 5460
8194.32041459716128883883 0 4074.31099333690553976339
0 8194.32041459716128883883 2747.96376794665047782473
0 0 1
-0.04931030270217909295 0.01862933985757429106 -0.09491262121637447646
0.00092341743593677761 -0.00096724222700711178
-297.57827081100600707941 -165.29139149740896641561 150.33481799427792680035
-0.87785765519280878344 -0.47891912094645178177 -0.00155332265210777424
-0.47891926223581809952 0.87783845935111270986 0.00599829505479192084
-0.00150913183101692274 0.00600956537051589544 -0.99998080363833685702
DJI_20211224092527_0211.JPG 8192 5460
8194.32041459716128883883 0 4074.31099333690553976339
0 8194.32041459716128883883 2747.96376794665047782473
0 0 1
-0.04931030270217909295 0.01862933985757429106 -0.09491262121637447646
0.00092341743593677761 -0.00096724222700711178
-288.09018383105910743325 -183.36617966262244294740 150.35897128096385699791
-0.87786921240877291428 -0.47889826036957883204 -0.00144986888773949952
-0.47889748547673388623 0.87784908395036365114 0.00617933747006545967
-0.00168650788970065111 0.00611898868266378022 -0.99997985663144195456
DJI_20211224092529_0212.JPG 8192 5460
8194.32041459716128883883 0 4074.31099333690553976339
0 8194.32041459716128883883 2747.96376794665047782473
0 0 1
-0.04931030270217909295 0.01862933985757429106 -0.09491262121637447646
