DJI_20211224092312_0125.JPG
ZenmuseP1_35.0_8192x5460 (RGB)
PerspectiveCamera5
global
F,C0_x,C0_y,R1,R2,R3,T1,T2,X,Y,Z,Alpha,Beta,Gamma
1, -0.1201, 0.242916, -0.287849, 0.0420203, -0.163919, 0.0375019, -0.0766458, 0.0242204, -0.0853207, 0.995719, -0.0233387, -0.0302455, -0.00126505
-0.1201, 1, -0.031505, 0.00211909, 0.0289532, -0.0146326, -0.00761586, 0.904923, -0.00670208, 0.016222, -0.120815, -0.000604596, 0.391543, 0.0262395
0.242916, -0.031505, 1, -0.0541328, -0.00613767, -0.0242888, 0.901201, -0.0217564, 0.0129383, -0.0227065, 0.243668, 0.333281, -0.0154842, -0.0100595
-0.287849, 0.00211909, -0.0541328, 1, -0.944114, 0.921714, 0.00634505, -0.0152872, -0.00670208, 0.0218822, -0.272087, 0.00988602, 0.00170416, -0.00602654
0.0420203, 0.0289532, -0.00613767, -0.944114, 1, -0.978299, -0.0168605, 0.0346546, 0.00137172, -0.000932716, 0.0278213, -0.00396121, 0.00966234, 0.0059657
-0.163919, -0.0146326, -0.0242888, 0.921714, -0.978299, 1, 0.011943, -0.0267318, -0.00399478, 0.011575, -0.15063, 0.00613711, -0.0084121, -0.00549653
0.0375019, -0.00761586, 0.901201, 0.00634505, -0.0168605, 0.011943, 1, -0.00798348, 0.00721532, -0.000538586, 0.0378843, 0.328546, -0.00523106, -0.0163767
-0.0766458, 0.904923, -0.0217564, -0.0152872, 0.0346546, -0.0267318, -0.00798348, 1, -0.00820212, 0.0156935, -0.0772376, -0.00408474, 0.362164, 0.0264025
0.0242204, -0.00670208, 0.0129383, -0.00670208, 0.00137172, -0.00399478, 0.00721532, -0.00820212, 1, -0.0162682, 0.0220737, -0.272978, -0.550838, -0.0458395
-0.0853207, 0.016222, -0.0227065, 0.0218822, -0.000932716, 0.011575, -0.000538586, 0.0156935, -0.0162682, 1, -0.0781495, 0.55799, -0.246683, 0.00120747
0.995719, -0.120815, 0.243668, -0.272087, 0.0278213, -0.15063, 0.0378843, -0.0772376, 0.0220737, -0.0781495, 1, 0.00476588, -0.0421354, -0.0100321
-0.0233387, -0.000604596, 0.333281, 0.00988602, -0.00396121, 0.00613711, 0.328546, -0.00408474, -0.272978, 0.55799, 0.00476588, 1, -0.00229468, -0.350751
-0.0302455, 0.391543, -0.0154842, 0.00170416, 0.00966234, -0.0084121, -0.00523106, 0.362164, -0.550838, -0.246683, -0.0421354, -0.00229468, 1, -0.315897
-0.00126505, 0.0262395, -0.0100595, -0.00602654, 0.0059657, -0.00549653, -0.0163767, 0.0264025, -0.0458395, 0.00120747, -0.0100321, -0.350751, -0.315897, 1
DJI_20211224092313_0126.JPG
ZenmuseP1_35.0_8192x5460 (RGB)
PerspectiveCamera5
global
F,C0_x,C0_y,R1,R2,R3,T1,T2,X,Y,Z,Alpha,Beta,Gamma
1, -0.1201, 0.242916, -0.287849, 0.0420203, -0.163919, 0.0375019, -0.0766458, 0.0256601, -0.0855684, 0.996527, -0.0191514, -0.0243034, 0.00171083
-0.1201, 1, -0.031505, 0.00211909, 0.0289532, -0.0146326, -0.00761586, 0.904923, -0.00516916, 0.0168781, -0.121312, -0.00226381, 0.41325, 0.0227355
0.242916, -0.031505, 1, -0.0541328, -0.00613767, -0.0242888, 0.901201, -0.0217564, 0.012512, -0.0235828, 0.243403, 0.355591, -0.015052, -0.00625344
-0.287849, 0.00211909, -0.0541328, 1, -0.944114, 0.921714, 0.00634505, -0.0152872, -0.00576428, 0.0210158, -0.271719, 0.00648977, -0.00207285, -0.005981
0.0420203, 0.0289532, -0.00613767, -0.944114, 1, -0.978299, -0.0168605, 0.0346546, -0.000663326, 0.000503247, 0.0272251, -0.000976282, 0.0123751, 0.00535739
-0.163919, -0.0146326, -0.0242888, 0.921714, -0.978299, 1, 0.011943, -0.0267318, -0.00173857, 0.00998531, -0.150163, 0.00238468, -0.0120791, -0.00538106
0.0375019, -0.00761586, 0.901201, 0.00634505, -0.0168605, 0.011943, 1, -0.00798348, 0.00611179, -0.000873041, 0.0377808, 0.350115, -0.00656068, -0.0137706
-0.0766458, 0.904923, -0.0217564, -0.0152872, 0.0346546, -0.0267318, -0.00798348, 1, -0.00674517, 0.0159819, -0.0776861, -0.00401399, 0.382994, 0.0221033
0.0256601, -0.00516916, 0.012512, -0.00576428, -0.000663326, -0.00173857, 0.00611179, -0.00674517, 1, -0.0155252, 0.0238599, -0.283638, -0.573534, -0.0300342
-0.0855684, 0.0168781, -0.0235828, 0.0210158, 0.000503247, 0.00998531, -0.000873041, 0.0159819, -0.0155252, 1, -0.0814601, 0.592459, -0.266605, 0.0198975
0.996527, -0.121312, 0.243403, -0.271719, 0.0272251, -0.150163, 0.0377808, -0.0776861, 0.0238599, -0.0814601, 1, -0.00172962, -0.0351631, -0.00275011
-0.0191514, -0.00226381, 0.355591, 0.00648977, -0.000976282, 0.00238468, 0.350115, -0.00401399, -0.283638, 0.592459, -0.00172962, 1, -0.0181176, -0.328001
-0.0243034, 0.41325, -0.015052, -0.00207285, 0.0123751, -0.0120791, -0.00656068, 0.382994, -0.573534, -0.266605, -0.0351631, -0.0181176, 1, -0.27509
0.00171083, 0.0227355, -0.00625344, -0.005981, 0.00535739, -0.00538106, -0.0137706, 0.0221033, -0.0300342, 0.0198975, -0.00275011, -0.328001, -0.27509, 1
DJI_20211224092315_0127.JPG
ZenmuseP1_35.0_8192x5460 (RGB)
PerspectiveCamera5
global
F,C0_x,C0_y,R1,R2,R3,T1,T2,X,Y,Z,Alpha,Beta,Gamma
1, -0.1201, 0.242916, -0.287849, 0.0420203, -0.163919, 0.0375019, -0.0766458, 0.0263934, -0.0851037, 0.996983, -0.0136392, -0.0188987, 0.00250207
-0.1201, 1, -0.031505, 0.00211909, 0.0289532, -0.0146326, -0.00761586, 0.904923, -0.00133541, 0.0160873, -0.121411, -0.00551035, 0.427268, 0.0230423
0.242916, -0.031505, 1, -0.0541328, -0.00613767, -0.0242888, 0.901201, -0.0217564, 0.0118569, -0.0238332, 0.242704, 0.377009, -0.0138909, -0.00349976
-0.287849, 0.00211909, -0.0541328, 1, -0.944114, 0.921714, 0.00634505, -0.0152872, -0.00768287, 0.0217399, -0.271748, 0.00542258, -0.00318272, -0.00516784
0.0420203, 0.0289532, -0.00613767, -0.944114, 1, -0.978299, -0.0168605, 0.0346546, 0.00178795, -0.00105802, 0.0271164, -0.00184931, 0.0118406, 0.0037916
-0.163919, -0.0146326, -0.0242888, 0.921714, -0.978299, 1, 0.011943, -0.0267318, -0.00480154, 0.0122309, -0.150109, 0.00328208, -0.0120566, -0.00363907
0.0375019, -0.00761586, 0.901201, 0.00634505, -0.0168605, 0.011943, 1, -0.00798348, 0.00609632, -0.00108441, 0.0372155, 0.369549, -0.00787182, -0.0111923
-0.0766458, 0.904923, -0.0217564, -0.0152872, 0.0346546, -0.0267318, -0.00798348, 1, -0.00323437, 0.0158117, -0.0777836, -0.00375316, 0.396384, 0.0203317
0.0263934, -0.00133541, 0.0118569, -0.00768287, 0.00178795, -0.00480154, 0.00609632, -0.00323437, 1, -0.0226082, 0.0266017, -0.299939, -0.603689, -0.0517817
-0.0851037, 0.0160873, -0.0238332, 0.0217399, -0.00105802, 0.0122309, -0.00108441, 0.0158117, -0.0226082, 1, -0.0814072, 0.621656, -0.27203, 0.020149
0.996983, -0.121411, 0.242704, -0.271748, 0.0271164, -0.150109, 0.0372155, -0.0777836, 0.0266017, -0.0814072, 1, -0.000550266, -0.0310507, -0.00144891
-0.0136392, -0.00551035, 0.377009, 0.00542258, -0.00184931, 0.00328208, 0.369549, -0.00375316, -0.299939, 0.621656, -0.000550266, 1, -0.0105629, -0.306197
-0.0188987, 0.427268, -0.0138909, -0.00318272, 0.0118406, -0.0120566, -0.00787182, 0.396384, -0.603689, -0.27203, -0.0310507, -0.0105629, 1, -0.222378
0.00250207, 0.0230423, -0.00349976, -0.00516784, 0.0037916, -0.00363907, -0.0111923, 0.0203317, -0.0517817, 0.020149, -0.00144891, -0.306197, -0.222378, 1
DJI_20211224092316_0128.JPG
ZenmuseP1_35.0_8192x5460 (RGB)
PerspectiveCamera5
global
F,C0_x,C0_y,R1,R2,R3,T1,T2,X,Y,Z,Alpha,Beta,Gamma
1, -0.1201, 0.242916, -0.287849, 0.0420203, -0.163919, 0.0375019, -0.0766458, 0.0271296, -0.0853804, 0.997207, -0.010827, -0.0149732, 0.00336345
-0.1201, 1, -0.031505, 0.00211909, 0.0289532, -0.0146326, -0.00761586, 0.904923, -0.0024932, 0.0190832, -0.121424, -0.00284373, 0.441104, 0.0184389
0.242916, -0.031505, 1, -0.0541328, -0.00613767, -0.0242888, 0.901201, -0.0217564, 0.0115698, -0.0252801, 0.242387, 0.390082, -0.0133897, -0.00233471
-0.287849, 0.00211909, -0.0541328, 1, -0.944114, 0.921714, 0.00634505, -0.0152872, -0.00879546, 0.0212059, -0.272097, 0.00731566, -0.0041946, -0.00654915
0.0420203, 0.0289532, -0.00613767, -0.944114, 1, -0.978299, -0.0168605, 0.0346546, 0.0026905, 0.000267748, 0.0274012, -0.00322601, 0.0116282, 0.00426783
-0.163919, -0.0146326, -0.0242888, 0.921714, -0.978299, 1, 0.011943, -0.0267318, -0.00571856, 0.0102731, -0.150404, 0.00313859, -0.0120578, -0.00368974
0.0375019, -0.00761586, 0.901201, 0.00634505, -0.0168605, 0.011943, 1, -0.00798348, 0.00529445, -0.0020113, 0.0371283, 0.38204, -0.00859985, -0.00968616
-0.0766458, 0.904923, -0.0217564, -0.0152872, 0.0346546, -0.0267318, -0.00798348, 1, -0.00443314, 0.0185745, -0.077742, 0.000797202, 0.409309, 0.0148815
0.0271296, -0.0024932, 0.0115698, -0.00879546, 0.0026905, -0.00571856, 0.00529445, -0.00443314, 1, -0.0229875, 0.0293153, -0.310642, -0.620736, -0.0305013
-0.0853804, 0.0190832, -0.0252801, 0.0212059, 0.000267748, 0.0102731, -0.0020113, 0.0185745, -0.0229875, 1, -0.0828516, 0.648143, -0.287242, 0.0309436
0.997207, -0.121424, 0.242387, -0.272097, 0.0274012, -0.150404, 0.0371283, -0.077742, 0.0293153, -0.0828516, 1, -0.00346887, -0.0271213, 0.00158225
-0.010827, -0.00284373, 0.390082, 0.00731566, -0.00322601, 0.00313859, 0.38204, 0.000797202, -0.310642, 0.648143, -0.00346887, 1, -0.0175772, -0.283363
-0.0149732, 0.441104, -0.0133897, -0.0041946, 0.0116282, -0.0120578, -0.00859985, 0.409309, -0.620736, -0.287242, -0.0271213, -0.0175772, 1, -0.187147
0.00336345, 0.0184389, -0.00233471, -0.00654915, 0.00426783, -0.00368974, -0.00968616, 0.0148815, -0.0305013, 0.0309436, 0.00158225, -0.283363, -0.187147, 1
DJI_20211224092318_0129.JPG
ZenmuseP1_35.0_8192x5460 (RGB)
PerspectiveCamera5
global
F,C0_x,C0_y,R1,R2,R3,T1,T2,X,Y,Z,Alpha,Beta,Gamma
1, -0.1201, 0.242916, -0.287849, 0.0420203, -0.163919, 0.0375019, -0.0766458, 0.0271419, -0.0859763, 0.997399, -0.00911978, -0.0123625, 0.00359434
-0.1201, 1, -0.031505, 0.00211909, 0.0289532, -0.0146326, -0.00761586, 0.904923, -0.00341731, 0.0175781, -0.121592, -0.00412309, 0.454895, 0.0183516
0.242916, -0.031505, 1, -0.0541328, -0.00613767, -0.0242888, 0.901201, -0.0217564, 0.0121196, -0.0270642, 0.242202, 0.404486, -0.0128251, -4.57904e-05
-0.287849, 0.00211909, -0.0541328, 1, -0.944114, 0.921714, 0.00634505, -0.0152872, -0.00685671, 0.0212763, -0.272411, 0.00535168, -0.00716269, -0.0038154
0.0420203, 0.0289532, -0.00613767, -0.944114, 1, -0.978299, -0.0168605, 0.0346546, 0.000555516, -8.7897e-05, 0.0277565, -0.00162454, 0.0142216, 0.000895174
-0.163919, -0.0146326, -0.0242888, 0.921714, -0.978299, 1, 0.011943, -0.0267318, -0.00361353, 0.0110146, -0.150769, 0.00130912, -0.0149689, 5.93554e-05
0.0375019, -0.00761586, 0.901201, 0.00634505, -0.0168605, 0.011943, 1, -0.00798348, 0.0058451, -0.00218986, 0.036977, 0.396588, -0.00958419, -0.00684371
-0.0766458, 0.904923, -0.0217564, -0.0152872, 0.0346546, -0.0267318, -0.00798348, 1, -0.0061865, 0.0168245, -0.0776919, 0.000774707, 0.422671, 0.0145788
0.0271419, -0.00341731, 0.0121196, -0.00685671, 0.000555516, -0.00361353, 0.0058451, -0.0061865, 1, -0.0245377, 0.0310631, -0.319891, -0.637916, -0.0433652
-0.0859763, 0.0175781, -0.0270642, 0.0212763, -8.7897e-05, 0.0110146, -0.00218986, 0.0168245, -0.0245377, 1, -0.0832747, 0.65897, -0.287368, 0.0273443
0.997399, -0.121592, 0.242202, -0.272411, 0.0277565, -0.150769, 0.036977, -0.0776919, 0.0310631, -0.0832747, 1, -0.00333657, -0.0255478, 0.00212472
-0.00911978, -0.00412309, 0.404486, 0.00535168, -0.00162454, 0.00130912, 0.396588, 0.000774707, -0.319891, 0.65897, -0.00333657, 1, -0.00344731, -0.27221
-0.0123625, 0.454895, -0.0128251, -0.00716269, 0.0142216, -0.0149689, -0.00958419, 0.422671, -0.637916, -0.287368, -0.0255478, -0.00344731, 1, -0.15785
0.00359434, 0.0183516, -4.57904e-05, -0.0038154, 0.000895174, 5.93554e-05, -0.00684371, 0.0145788, -0.0433652, 0.0273443, 0.00212472, -0.27221, -0.15785, 1
DJI_20211224092319_0130.JPG
ZenmuseP1_35.0_8192x5460 (RGB)
PerspectiveCamera5
global
F,C0_x,C0_y,R1,R2,R3,T1,T2,X,Y,Z,Alpha,Beta,Gamma
1, -0.1201, 0.242916, -0.287849, 0.0420203, -0.163919, 0.0375019, -0.0766458, 0.0269967, -0.0858124, 0.997233, -0.00789898, -0.0103898, 0.00298016
-0.1201, 1, -0.031505, 0.00211909, 0.0289532, -0.0146326, -0.00761586, 0.904923, -0.00470594, 0.0166564, -0.121481, -0.00280179, 0.462139, 0.016783
0.242916, -0.031505, 1, -0.0541328, -0.00613767, -0.0242888, 0.901201, -0.0217564, 0.0130054, -0.0269672, 0.242225, 0.406479, -0.0129362, 0.00161795
-0.287849, 0.00211909, -0.0541328, 1, -0.944114, 0.921714, 0.00634505, -0.0152872, -0.00832059, 0.0205853, -0.272735, 0.00383111, -0.00552931, -0.000641148
0.0420203, 0.0289532, -0.00613767, -0.944114, 1, -0.978299, -0.0168605, 0.0346546, 0.00231493, 0.00126284, 0.0280475, -1.41095e-05, 0.0114949, -0.00245372
-0.163919, -0.0146326, -0.0242888, 0.921714, -0.978299, 1, 0.011943, -0.0267318, -0.00542496, 0.00903918, -0.150952, -0.000998557, -0.012131, 0.00392755
0.0375019, -0.00761586, 0.901201, 0.00634505, -0.0168605, 0.011943, 1, -0.00798348, 0.00727712, -0.0024351, 0.037039, 0.397612, -0.0110072, -0.00413507
-0.0766458, 0.904923, -0.0217564, -0.0152872, 0.0346546, -0.0267318, -0.00798348, 1, -0.00700282, 0.0158437, -0.0775244, 0.00132188, 0.42867, 0.0141283
0.0269967, -0.00470594, 0.0130054, -0.00832059, 0.00231493, -0.00542496, 0.00727712, -0.00700282, 1, -0.0279726, 0.03177, -0.336564, -0.653673, -0.0202686
-0.0858124, 0.0166564, -0.0269672, 0.0205853, 0.00126284, 0.00903918, -0.0024351, 0.0158437, -0.0279726, 1, -0.0817827, 0.676983, -0.287636, 0.0198876
0.997233, -0.121481, 0.242225, -0.272735, 0.0280475, -0.150952, 0.037039, -0.0775244, 0.03177, -0.0817827, 1, -0.00362102, -0.0243061, 0.00356136
-0.00789898, -0.00280179, 0.406479, 0.00383111, -1.41095e-05, -0.000998557, 0.397612, 0.00132188, -0.336564, 0.676983, -0.00362102, 1, 0.0107551, -0.252196
-0.0103898, 0.462139, -0.0129362, -0.00552931, 0.0114949, -0.012131, -0.0110072, 0.42867, -0.653673, -0.287636, -0.0243061, 0.0107551, 1, -0.136335
0.00298016, 0.016783, 0.00161795, -0.000641148, -0.00245372, 0.00392755, -0.00413507, 0.0141283, -0.0202686, 0.0198876, 0.00356136, -0.252196, -0.136335, 1
DJI_20211224092321_0131.JPG
ZenmuseP1_35.0_8192x5460 (RGB)
PerspectiveCamera5
global
F,C0_x,C0_y,R1,R2,R3,T1,T2,X,Y,Z,Alpha,Beta,Gamma
1, -0.1201, 0.242916, -0.287849, 0.0420203, -0.163919, 0.0375019, -0.0766458, 0.0278958, -0.0870891, 0.997719, -0.00600075, -0.00825098, 0.00210572
-0.1201, 1, -0.031505, 0.00211909, 0.0289532, -0.0146326, -0.00761586, 0.904923, -0.00512534, 0.0168622, -0.12163, -0.0018217, 0.48382, 0.017984
0.242916, -0.031505, 1, -0.0541328, -0.00613767, -0.0242888, 0.901201, -0.0217564, 0.0163438, -0.0284474, 0.242655, 0.422627, -0.0138632, 0.00771322
-0.287849, 0.00211909, -0.0541328, 1, -0.944114, 0.921714, 0.00634505, -0.0152872, -0.00979867, 0.0214301, -0.272442, 0.00352925, -0.00541313, 0.00456727
0.0420203, 0.0289532, -0.00613767, -0.944114, 1, -0.978299, -0.0168605, 0.0346546, 0.0033273, 0.000895023, 0.0275415, -0.000115464, 0.0110541, -0.0077203
-0.163919, -0.0146326, -0.0242888, 0.921714, -0.978299, 1, 0.011943, -0.0267318, -0.00616878, 0.00914845, -0.150408, -0.00172998, -0.0121037, 0.00959904
0.0375019, -0.00761586, 0.901201, 0.00634505, -0.0168605, 0.011943, 1, -0.00798348, 0.00913239, -0.00160017, 0.0372832, 0.415699, -0.0125801, 0.00225631
-0.0766458, 0.904923, -0.0217564, -0.0152872, 0.0346546, -0.0267318, -0.00798348, 1, -0.00821468, 0.0149425, -0.0776016, 0.000891677, 0.449858, 0.0160176
0.0278958, -0.00512534, 0.0163438, -0.00979867, 0.0033273, -0.00616878, 0.00913239, -0.00821468, 1, -0.0314903, 0.0322932, -0.340121, -0.656804, -0.0193043
-0.0870891, 0.0168622, -0.0284474, 0.0214301, 0.000895023, 0.00914845, -0.00160017, 0.0149425, -0.0314903, 1, -0.0806189, 0.678374, -0.288458, 0.0397037
0.997719, -0.12163, 0.242655, -0.272442, 0.0275415, -0.150408, 0.0372832, -0.0776016, 0.0322932, -0.0806189, 1, -0.00063987, -0.022312, 0.00423821
-0.00600075, -0.0018217, 0.422627, 0.00352925, -0.000115464, -0.00172998, 0.415699, 0.000891677, -0.340121, 0.678374, -0.00063987, 1, 0.0208621, -0.248505
-0.00825098, 0.48382, -0.0138632, -0.00541313, 0.0110541, -0.0121037, -0.0125801, 0.449858, -0.656804, -0.288458, -0.022312, 0.0208621, 1, -0.140603
0.00210572, 0.017984, 0.00771322, 0.00456727, -0.0077203, 0.00959904, 0.00225631, 0.0160176, -0.0193043, 0.0397037, 0.00423821, -0.248505, -0.140603, 1
DJI_20211224092322_0132.JPG
ZenmuseP1_35.0_8192x5460 (RGB)
PerspectiveCamera5
global
F,C0_x,C0_y,R1,R2,R3,T1,T2,X,Y,Z,Alpha,Beta,Gamma
1, -0.1201, 0.242916, -0.287849, 0.0420203, -0.163919, 0.0375019, -0.0766458, 0.0273253, -0.0871477, 0.997728, 0.000448747, -0.00719766, 0.000454164
-0.1201, 1, -0.031505, 0.00211909, 0.0289532, -0.0146326, -0.00761586, 0.904923, -0.00210762, 0.0159387, -0.121737, -0.00454523, 0.488965, 0.0171034
0.242916, -0.031505, 1, -0.0541328, -0.00613767, -0.0242888, 0.901201, -0.0217564, 0.0160507, -0.0267266, 0.242903, 0.420819, -0.0132794, 0.0116149
-0.287849, 0.00211909, -0.0541328, 1, -0.944114, 0.921714, 0.00634505, -0.0152872, -0.00671909, 0.0232065, -0.272833, 0.00109035, -0.00984943, 0.00591215
0.0420203, 0.0289532, -0.00613767, -0.944114, 1, -0.978299, -0.0168605, 0.0346546, 0.000144262, -0.0020672, 0.0280685, -0.000650219, 0.0157894, -0.00817625
-0.163919, -0.0146326, -0.0242888, 0.921714, -0.978299, 1, 0.011943, -0.0267318, -0.00308671, 0.0130353, -0.151047, -0.000764167, -0.0169624, 0.00994032
0.0375019, -0.00761586, 0.901201, 0.00634505, -0.0168605, 0.011943, 1, -0.00798348, 0.00953314, -0.00170607, 0.037564, 0.41081, -0.0124622, 0.00685926
-0.0766458, 0.904923, -0.0217564, -0.0152872, 0.0346546, -0.0267318, -0.00798348, 1, -0.00481403, 0.0138696, -0.0777719, -0.00237703, 0.453993, 0.0153071
0.0273253, -0.00210762, 0.0160507, -0.00671909, 0.000144262, -0.00308671, 0.00953314, -0.00481403, 1, -0.0326902, 0.0319647, -0.34024, -0.664947, -0.0372113
-0.0871477, 0.0159387, -0.0267266, 0.0232065, -0.0020672, 0.0130353, -0.00170607, 0.0138696, -0.0326902, 1, -0.0803003, 0.695693, -0.293438, 0.0187774
0.997728, -0.121737, 0.242903, -0.272833, 0.0280685, -0.151047, 0.037564, -0.0777719, 0.0319647, -0.0803003, 1, 0.00616583, -0.0211461, 0.00156951
0.000448747, -0.00454523, 0.420819, 0.00109035, -0.000650219, -0.000764167, 0.41081, -0.00237703, -0.34024, 0.695693, 0.00616583, 1, 0.0171736, -0.246689
-0.00719766, 0.488965, -0.0132794, -0.00984943, 0.0157894, -0.0169624, -0.0124622, 0.453993, -0.664947, -0.293438, -0.0211461, 0.0171736, 1, -0.104666
0.000454164, 0.0171034, 0.0116149, 0.00591215, -0.00817625, 0.00994032, 0.00685926, 0.0153071, -0.0372113, 0.0187774, 0.00156951, -0.246689, -0.104666, 1
DJI_20211224092324_0133.JPG
ZenmuseP1_35.0_8192x5460 (RGB)
PerspectiveCamera5
global
F,C0_x,C0_y,R1,R2,R3,T1,T2,X,Y,Z,Alpha,Beta,Gamma
1, -0.1201, 0.242916, -0.287849, 0.0420203, -0.163919, 0.0375019, -0.0766458, 0.0266837, -0.0874666, 0.997765, 0.00388806, -0.00670709, -0.00161124
-0.1201, 1, -0.031505, 0.00211909, 0.0289532, -0.0146326, -0.00761586, 0.904923, 0.00038174, 0.0180954, -0.121396, -0.00474478, 0.48988, 0.0146473
0.242916, -0.031505, 1, -0.0541328, -0.00613767, -0.0242888, 0.901201, -0.0217564, 0.015134, -0.0261347, 0.24272, 0.424127, -0.0120352, 0.0199871
-0.287849, 0.00211909, -0.0541328, 1, -0.944114, 0.921714, 0.00634505, -0.0152872, -0.00638571, 0.0231805, -0.272742, 0.00223002, -0.0105569, 0.004499
0.0420203, 0.0289532, -0.00613767, -0.944114, 1, -0.978299, -0.0168605, 0.0346546, -0.00049412, -0.00148492, 0.0279541, -0.00210567, 0.0165716, -0.00583464
-0.163919, -0.0146326, -0.0242888, 0.921714, -0.978299, 1, 0.011943, -0.0267318, -0.00226111, 0.0120235, -0.150952, -0.000179505, -0.017564, 0.00760254
0.0375019, -0.00761586, 0.901201, 0.00634505, -0.0168605, 0.011943, 1, -0.00798348, 0.0091192, -0.00101966, 0.0375437, 0.413117, -0.0118271, 0.0155895
-0.0766458, 0.904923, -0.0217564, -0.0152872, 0.0346546, -0.0267318, -0.00798348, 1, -0.00292602, 0.0159185, -0.0773707, -0.00193523, 0.454793, 0.0129927
0.0266837, 0.00038174, 0.015134, -0.00638571, -0.00049412, -0.00226111, 0.0091192, -0.00292602, 1, -0.031867, 0.0345134, -0.341545, -0.674691, -0.0320082
-0.0874666, 0.0180954, -0.0261347, 0.0231805, -0.00148492, 0.0120235, -0.00101966, 0.0159185, -0.031867, 1, -0.0811299, 0.703448, -0.298263, 0.0338359
0.997765, -0.121396, 0.24272, -0.272742, 0.0279541, -0.150952, 0.0375437, -0.0773707, 0.0345134, -0.0811299, 1, 0.00732521, -0.0233759, -0.00123233
0.00388806, -0.00474478, 0.424127, 0.00223002, -0.00210567, -0.000179505, 0.413117, -0.00193523, -0.341545, 0.703448, 0.00732521, 1, 0.0146355, -0.234932
-0.00670709, 0.48988, -0.0120352, -0.0105569, 0.0165716, -0.017564, -0.0118271, 0.454793, -0.674691, -0.298263, -0.0233759, 0.0146355, 1, -0.0814401
-0.00161124, 0.0146473, 0.0199871, 0.004499, -0.00583464, 0.00760254, 0.0155895, 0.0129927, -0.0320082, 0.0338359, -0.00123233, -0.234932, -0.0814401, 1
DJI_20211224092325_0134.JPG
ZenmuseP1_35.0_8192x5460 (RGB)
PerspectiveCamera5
global
F,C0_x,C0_y,R1,R2,R3,T1,T2,X,Y,Z,Alpha,Beta,Gamma
1, -0.1201, 0.242916, -0.287849, 0.0420203, -0.163919, 0.0375019, -0.0766458, 0.0268133, -0.0889162, 0.997891, 0.00932529, -0.0088686, -0.00665448
-0.1201, 1, -0.031505, 0.00211909, 0.0289532, -0.0146326, -0.00761586, 0.904923, -0.00154, 0.0167772, -0.12154, -0.00691603, 0.504542, 0.0222493
0.242916, -0.031505, 1, -0.0541328, -0.00613767, -0.0242888, 0.901201, -0.0217564, 0.0147431, -0.0281313, 0.242604, 0.429773, -0.00999758, 0.0267785
-0.287849, 0.00211909, -0.0541328, 1, -0.944114, 0.921714, 0.00634505, -0.0152872, -0.00546139, 0.0210071, -0.272991, -0.00110416, -0.00936337, 0.00525309
0.0420203, 0.0289532, -0.00613767, -0.944114, 1, -0.978299, -0.0168605, 0.0346546, -0.00129888, 0.00200693, 0.0281712, 0.000423119, 0.0152467, -0.00531346
-0.163919, -0.0146326, -0.0242888, 0.921714, -0.978299, 1, 0.011943, -0.0267318, -0.00169038, 0.00792089, -0.151103, -0.0037247, -0.0153234, 0.0072089
0.0375019, -0.00761586, 0.901201, 0.00634505, -0.0168605, 0.011943, 1, -0.00798348, 0.00832693, -0.00130082, 0.0372904, 0.418407, -0.00979119, 0.0242034
-0.0766458, 0.904923, -0.0217564, -0.0152872, 0.0346546, -0.0267318, -0.00798348, 1, -0.00553533, 0.0140478, -0.077377, -0.00375, 0.468945, 0.0183388
0.0268133, -0.00154, 0.0147431, -0.00546139, -0.00129888, -0.00169038, 0.00832693, -0.00553533, 1, -0.0345262, 0.034467, -0.346701, -0.676831, -0.0460188
-0.0889162, 0.0167772, -0.0281313, 0.0210071, 0.00200693, 0.00792089, -0.00130082, 0.0140478, -0.0345262, 1, -0.0810697, 0.69966, -0.291665, 0.0315141
0.997891, -0.12154, 0.242604, -0.272991, 0.0281712, -0.151103, 0.0372904, -0.077377, 0.034467, -0.0810697, 1, 0.0144691, -0.0261474, -0.00633032
0.00932529, -0.00691603, 0.429773, -0.00110416, 0.000423119, -0.0037247, 0.418407, -0.00375, -0.346701, 0.69966, 0.0144691, 1, 0.0255564, -0.240484
-0.0088686, 0.504542, -0.00999758, -0.00936337, 0.0152467, -0.0153234, -0.00979119, 0.468945, -0.676831, -0.291665, -0.0261474, 0.0255564, 1, -0.065219
-0.00665448, 0.0222493, 0.0267785, 0.00525309, -0.00531346, 0.0072089, 0.0242034, 0.0183388, -0.0460188, 0.0315141, -0.00633032, -0.240484, -0.065219, 1
DJI_20211224092327_0135.JPG
ZenmuseP1_35.0_8192x5460 (RGB)
PerspectiveCamera5
global
F,C0_x,C0_y,R1,R2,R3,T1,T2,X,Y,Z,Alpha,Beta,Gamma
1, -0.1201, 0.242916, -0.287849, 0.0420203, -0.163919, 0.0375019, -0.0766458, 0.0266116, -0.0880764, 0.998006, 0.0117354, -0.0111436, -0.0107555
-0.1201, 1, -0.031505, 0.00211909, 0.0289532, -0.0146326, -0.00761586, 0.904923, -0.0040589, 0.0202563, -0.121825, -0.00289133, 0.512786, 0.0148705
0.242916, -0.031505, 1, -0.0541328, -0.00613767, -0.0242888, 0.901201, -0.0217564, 0.0132921, -0.030814, 0.242663, 0.430386, -0.00707397, 0.0227021
-0.287849, 0.00211909, -0.0541328, 1, -0.944114, 0.921714, 0.00634505, -0.0152872, -0.00595597, 0.0244438, -0.2735, 0.0030979, -0.00941969, 0.00266444
0.0420203, 0.0289532, -0.00613767, -0.944114, 1, -0.978299, -0.0168605, 0.0346546, -0.000339575, -0.00342561, 0.0287871, -0.00660667, 0.0161488, -0.000670438
-0.163919, -0.0146326, -0.0242888, 0.921714, -0.978299, 1, 0.011943, -0.0267318, -0.00281618, 0.0148047, -0.151789, 0.00481157, -0.0163917, 0.00239948
0.0375019, -0.00761586, 0.901201, 0.00634505, -0.0168605, 0.011943, 1, -0.00798348, 0.00609965, -0.0041752, 0.0374606, 0.418567, -0.00578517, 0.0214107
-0.0766458, 0.904923, -0.0217564, -0.0152872, 0.0346546, -0.0267318, -0.00798348, 1, -0.00819901, 0.0186928, -0.0775964, 0.000974681, 0.475905, 0.0116621
0.0266116, -0.0040589, 0.0132921, -0.00595597, -0.000339575, -0.00281618, 0.00609965, -0.00819901, 1, -0.0306386, 0.0338975, -0.341535, -0.676043, -0.0335336
-0.0880764, 0.0202563, -0.030814, 0.0244438, -0.00342561, 0.0148047, -0.0041752, 0.0186928, -0.0306386, 1, -0.0824532, 0.700543, -0.303333, 0.041256
0.998006, -0.121825, 0.242663, -0.2735, 0.0287871, -0.151789, 0.0374606, -0.0775964, 0.0338975, -0.0824532, 1, 0.0137126, -0.0267824, -0.0091943
0.0117354, -0.00289133, 0.430386, 0.0030979, -0.00660667, 0.00481157, 0.418567, 0.000974681, -0.341535, 0.700543, 0.0137126, 1, 0.0127099, -0.246008
-0.0111436, 0.512786, -0.00707397, -0.00941969, 0.0161488, -0.0163917, -0.00578517, 0.475905, -0.676043, -0.303333, -0.0267824, 0.0127099, 1, -0.0486333
-0.0107555, 0.0148705, 0.0227021, 0.00266444, -0.000670438, 0.00239948, 0.0214107, 0.0116621, -0.0335336, 0.041256, -0.0091943, -0.246008, -0.0486333, 1
DJI_20211224092328_0136.JPG
ZenmuseP1_35.0_8192x5460 (RGB)
PerspectiveCamera5
global
F,C0_x,C0_y,R1,R2,R3,T1,T2,X,Y,Z,Alpha,Beta,Gamma
1, -0.1201, 0.242916, -0.287849, 0.0420203, -0.163919, 0.0375019, -0.0766458, 0.0249493, -0.0871536, 0.997906, 0.0172547, -0.0138467, -0.0150336
-0.1201, 1, -0.031505, 0.00211909, 0.0289532, -0.0146326, -0.00761586, 0.904923, -0.000854682, 0.016135, -0.121869, -0.00637639, 0.508265, 0.00939982
0.242916, -0.031505, 1, -0.0541328, -0.00613767, -0.0242888, 0.901201, -0.0217564, 0.0133592, -0.02806, 0.242654, 0.429073, -0.00625739, 0.0201317
-0.287849, 0.00211909, -0.0541328, 1, -0.944114, 0.921714, 0.00634505, -0.0152872, -0.00664647, 0.0224177, -0.273063, 0.000931087, -0.00664123, 0.00219671
0.0420203, 0.0289532, -0.00613767, -0.944114, 1, -0.978299, -0.0168605, 0.0346546, 0.000736884, -0.00110641, 0.0283365, -0.00578125, 0.0139407, 0.00153139
-0.163919, -0.0146326, -0.0242888, 0.921714, -0.978299, 1, 0.011943, -0.0267318, -0.00352236, 0.0121704, -0.15135, 0.00338926, -0.0139995, 0.000393023
0.0375019, -0.00761586, 0.901201, 0.00634505, -0.0168605, 0.011943, 1, -0.00798348, 0.00804115, -0.00254698, 0.0376515, 0.414531, -0.0056836, 0.0206059
-0.0766458, 0.904923, -0.0217564, -0.0152872, 0.0346546, -0.0267318, -0.00798348, 1, -0.0038393, 0.0141224, -0.0776527, -0.00420411, 0.47055, 0.00601469
0.0249493, -0.000854682, 0.0133592, -0.00664647, 0.000736884, -0.00352236, 0.00804115, -0.0038393, 1, -0.0359416, 0.0335108, -0.351738, -0.686896, -0.0316646
-0.0871536, 0.016135, -0.02806, 0.0224177, -0.00110641, 0.0121704, -0.00254698, 0.0141224, -0.0359416, 1, -0.0825602, 0.704926, -0.293508, 0.0347986
0.997906, -0.121869, 0.242654, -0.273063, 0.0283365, -0.15135, 0.0376515, -0.0776527, 0.0335108, -0.0825602, 1, 0.0174044, -0.0302667, -0.0143524
0.0172547, -0.00637639, 0.429073, 0.000931087, -0.00578125, 0.00338926, 0.414531, -0.00420411, -0.351738, 0.704926, 0.0174044, 1, 0.0256413, -0.243903
-0.0138467, 0.508265, -0.00625739, -0.00664123, 0.0139407, -0.0139995, -0.0056836, 0.47055, -0.686896, -0.293508, -0.0302667, 0.0256413, 1, -0.0229646
-0.0150336, 0.00939982, 0.0201317, 0.00219671, 0.00153139, 0.000393023, 0.0206059, 0.00601469, -0.0316646, 0.0347986, -0.0143524, -0.243903, -0.0229646, 1
DJI_20211224092330_0137.JPG
ZenmuseP1_35.0_8192x5460 (RGB)
PerspectiveCamera5
global
F,C0_x,C0_y,R1,R2,R3,T1,T2,X,Y,Z,Alpha,Beta,Gamma
1, -0.1201, 0.242916, -0.287849, 0.0420203, -0.163919, 0.0375019, -0.0766458, 0.0240771, -0.0863464, 0.997932, 0.021591, -0.0162839, -0.018592
-0.1201, 1, -0.031505, 0.00211909, 0.0289532, -0.0146326, -0.00761586, 0.904923, -0.00275626, 0.0184409, -0.122007, -0.00265799, 0.512679, -0.00344864
0.242916, -0.031505, 1, -0.0541328, -0.00613767, -0.0242888, 0.901201, -0.0217564, 0.0135518, -0.0279908, 0.242709, 0.429588, -0.00668501, 0.0170191
-0.287849, 0.00211909, -0.0541328, 1, -0.944114, 0.921714, 0.00634505, -0.0152872, -0.00518309, 0.0232755, -0.272978, 0.00161958, -0.00815761, -0.000609573
0.0420203, 0.0289532, -0.00613767, -0.944114, 1, -0.978299, -0.0168605, 0.0346546, -0.00102875, -0.00234605, 0.028224, -0.00789452, 0.0166607, 0.00647479
-0.163919, -0.0146326, -0.0242888, 0.921714, -0.978299, 1, 0.011943, -0.0267318, -0.00135683, 0.0134742, -0.151218, 0.00527046, -0.0167901, -0.0047192
0.0375019, -0.00761586, 0.901201, 0.00634505, -0.0168605, 0.011943, 1, -0.00798348, 0.00652966, -0.00327813, 0.0378159, 0.41424, -0.00339996, 0.0185436
-0.0766458, 0.904923, -0.0217564, -0.0152872, 0.0346546, -0.0267318, -0.00798348, 1, -0.00638413, 0.0170612, -0.0777678, -0.000129166, 0.474595, -0.00402864
0.0240771, -0.00275626, 0.0135518, -0.00518309, -0.00102875, -0.00135683, 0.00652966, -0.00638413, 1, -0.0219596, 0.0328971, -0.331753, -0.678352, -0.00745197
-0.0863464, 0.0184409, -0.0279908, 0.0232755, -0.00234605, 0.0134742, -0.00327813, 0.0170612, -0.0219596, 1, -0.0832457, 0.707739, -0.319689, 0.0487694
0.997932, -0.122007, 0.242709, -0.272978, 0.028224, -0.151218, 0.0378159, -0.0777678, 0.0328971, -0.0832457, 1, 0.0189896, -0.0322233, -0.0156102
0.021591, -0.00265799, 0.429588, 0.00161958, -0.00789452, 0.00527046, 0.41424, -0.000129166, -0.331753, 0.707739, 0.0189896, 1, -0.0112176, -0.250464
-0.0162839, 0.512679, -0.00668501, -0.00815761, 0.0166607, -0.0167901, -0.00339996, 0.474595, -0.678352, -0.319689, -0.0322233, -0.0112176, 1, -0.0170158
-0.018592, -0.00344864, 0.0170191, -0.000609573, 0.00647479, -0.0047192, 0.0185436, -0.00402864, -0.00745197, 0.0487694, -0.0156102, -0.250464, -0.0170158, 1
DJI_20211224092331_0138.JPG
ZenmuseP1_35.0_8192x5460 (RGB)
PerspectiveCamera5
global
F,C0_x,C0_y,R1,R2,R3,T1,T2,X,Y,Z,Alpha,Beta,Gamma
1, -0.1201, 0.242916, -0.287849, 0.0420203, -0.163919, 0.0375019, -0.0766458, 0.0238312, -0.085903, 0.997854, 0.0264086, -0.020718, -0.02243
-0.1201, 1, -0.031505, 0.00211909, 0.0289532, -0.0146326, -0.00761586, 0.904923, -0.00269084, 0.0172226, -0.121876, -0.00304392, 0.51031, -0.00933335
0.242916, -0.031505, 1, -0.0541328, -0.00613767, -0.0242888, 0.901201, -0.0217564, 0.0125089, -0.0269768, 0.242609, 0.430803, -0.00622212, 0.0108116
-0.287849, 0.00211909, -0.0541328, 1, -0.944114, 0.921714, 0.00634505, -0.0152872, -0.00573089, 0.0220695, -0.272585, 0.000626716, -0.00708128, -0.00197271
0.0420203, 0.0289532, -0.00613767, -0.944114, 1, -0.978299, -0.0168605, 0.0346546, -0.000237948, -0.00097979, 0.0277411, -0.00833363, 0.0162854, 0.00933775
-0.163919, -0.0146326, -0.0242888, 0.921714, -0.978299, 1, 0.011943, -0.0267318, -0.00239244, 0.0119859, -0.150678, 0.00545329, -0.0154738, -0.00745398
0.0375019, -0.00761586, 0.901201, 0.00634505, -0.0168605, 0.011943, 1, -0.00798348, 0.00568655, -0.00232928, 0.0378208, 0.414286, -0.00198984, 0.0139233
-0.0766458, 0.904923, -0.0217564, -0.0152872, 0.0346546, -0.0267318, -0.00798348, 1, -0.00638543, 0.0161169, -0.0777567, -0.000312358, 0.472075, -0.009408
0.0238312, -0.00269084, 0.0125089, -0.00573089, -0.000237948, -0.00239244, 0.00568655, -0.00638543, 1, -0.0221503, 0.0312756, -0.329778, -0.679843, -0.0141347
-0.085903, 0.0172226, -0.0269768, 0.0220695, -0.00097979, 0.0119859, -0.00232928, 0.0161169, -0.0221503, 1, -0.0844489, 0.707785, -0.319115, 0.045628
0.997854, -0.121876, 0.242609, -0.272585, 0.0277411, -0.150678, 0.0378208, -0.0777567, 0.0312756, -0.0844489, 1, 0.0228277, -0.034129, -0.0200889
0.0264086, -0.00304392, 0.430803, 0.000626716, -0.00833363, 0.00545329, 0.414286, -0.000312358, -0.329778, 0.707785, 0.0228277, 1, -0.015088, -0.239976
-0.020718, 0.51031, -0.00622212, -0.00708128, 0.0162854, -0.0154738, -0.00198984, 0.472075, -0.679843, -0.319115, -0.034129, -0.015088, 1, 0.00515725
-0.02243, -0.00933335, 0.0108116, -0.00197271, 0.00933775, -0.00745398, 0.0139233, -0.009408, -0.0141347, 0.045628, -0.0200889, -0.239976, 0.00515725, 1
DJI_20211224092333_0139.JPG
ZenmuseP1_35.0_8192x5460 (RGB)
PerspectiveCamera5
global
F,C0_x,C0_y,R1,R2,R3,T1,T2,X,Y,Z,Alpha,Beta,Gamma
1, -0.1201, 0.242916, -0.287849, 0.0420203, -0.163919, 0.0375019, -0.0766458, 0.0241925, -0.0849881, 0.997637, 0.0274714, -0.0250324, -0.0251077
-0.1201, 1, -0.031505, 0.00211909, 0.0289532, -0.0146326, -0.00761586, 0.904923, -0.00321037, 0.0169606, -0.121733, -0.00252404, 0.502002, -0.0108795
0.242916, -0.031505, 1, -0.0541328, -0.00613767, -0.0242888, 0.901201, -0.0217564, 0.0111462, -0.0261573, 0.242462, 0.429178, -0.00542801, 0.00516366
-0.287849, 0.00211909, -0.0541328, 1, -0.944114, 0.921714, 0.00634505, -0.0152872, -0.0122052, 0.0237623, -0.27205, 0.0048452, -0.00122051, -0.00175939
0.0420203, 0.0289532, -0.00613767, -0.944114, 1, -0.978299, -0.0168605, 0.0346546, 0.00825613, -0.00338238, 0.0271037, -0.0143716, 0.00973995, 0.0101269
-0.163919, -0.0146326, -0.0242888, 0.921714, -0.978299, 1, 0.011943, -0.0267318, -0.0120833, 0.0145704, -0.149928, 0.0123156, -0.00749073, -0.00829279
0.0375019, -0.00761586, 0.901201, 0.00634505, -0.0168605, 0.011943, 1, -0.00798348, 0.00455664, -0.00144336, 0.0377745, 0.412398, -0.000498631, 0.00922366
-0.0766458, 0.904923, -0.0217564, -0.0152872, 0.0346546, -0.0267318, -0.00798348, 1, -0.00631345, 0.0162004, -0.0776052, 0.000560312, 0.463531, -0.0108287
0.0241925, -0.00321037, 0.0111462, -0.0122052, 0.00825613, -0.0120833, 0.00455664, -0.00631345, 1, -0.0149031, 0.0312597, -0.327541, -0.685797, -0.0163143
-0.0849881, 0.0169606, -0.0261573, 0.0237623, -0.00338238, 0.0145704, -0.00144336, 0.0162004, -0.0149031, 1, -0.0839251, 0.706404, -0.321922, 0.0317439
0.997637, -0.121733, 0.242462, -0.27205, 0.0271037, -0.149928, 0.0377745, -0.0776052, 0.0312597, -0.0839251, 1, 0.0239456, -0.0375227, -0.0236885
0.0274714, -0.00252404, 0.429178, 0.0048452, -0.0143716, 0.0123156, 0.412398, 0.000560312, -0.327541, 0.706404, 0.0239456, 1, -0.0144754, -0.237704
-0.0250324, 0.502002, -0.00542801, -0.00122051, 0.00973995, -0.00749073, -0.000498631, 0.463531, -0.685797, -0.321922, -0.0375227, -0.0144754, 1, 0.0145923
-0.0251077, -0.0108795, 0.00516366, -0.00175939, 0.0101269, -0.00829279, 0.00922366, -0.0108287, -0.0163143, 0.0317439, -0.0236885, -0.237704, 0.0145923, 1
DJI_20211224092334_0140.JPG
ZenmuseP1_35.0_8192x5460 (RGB)
PerspectiveCamera5
global
F,C0_x,C0_y,R1,R2,R3,T1,T2,X,Y,Z,Alpha,Beta,Gamma
1, -0.1201, 0.242916, -0.287849, 0.0420203, -0.163919, 0.0375019, -0.0766458, 0.0245044, -0.0846851, 0.997323, 0.0251161, -0.0301318, -0.0248069
-0.1201, 1, -0.031505, 0.00211909, 0.0289532, -0.0146326, -0.00761586, 0.904923, -0.00365837, 0.0179179, -0.121494, -0.000981778, 0.493167, -0.00846386
0.242916, -0.031505, 1, -0.0541328, -0.00613767, -0.0242888, 0.901201, -0.0217564, 0.012049, -0.0251786, 0.242051, 0.422356, -0.00725805, 0.00405409
-0.287849, 0.00211909, -0.0541328, 1, -0.944114, 0.921714, 0.00634505, -0.0152872, -0.00416966, 0.0205999, -0.272501, -0.00133979, -0.0056407, 0.00166729
0.0420203, 0.0289532, -0.00613767, -0.944114, 1, -0.978299, -0.0168605, 0.0346546, -0.0018585, 0.00091171, 0.0277264, -0.0057726, 0.0170375, 0.00649964
-0.163919, -0.0146326, -0.0242888, 0.921714, -0.978299, 1, 0.011943, -0.0267318, -0.000804201, 0.00942924, -0.150559, 0.00287306, -0.0151656, -0.00496071
0.0375019, -0.00761586, 0.901201, 0.00634505, -0.0168605, 0.011943, 1, -0.00798348, 0.00635277, -0.00155305, 0.0374111, 0.404607, -0.00129355, 0.00835836
-0.0766458, 0.904923, -0.0217564, -0.0152872, 0.0346546, -0.0267318, -0.00798348, 1, -0.00614146, 0.0176393, -0.0773037, 0.00243454, 0.45426, -0.00730356
0.0245044, -0.00365837, 0.012049, -0.00416966, -0.0018585, -0.000804201, 0.00635277, -0.00614146, 1, -0.0189938, 0.0308201, -0.336068, -0.685378, 0.00185746
-0.0846851, 0.0179179, -0.0251786, 0.0205999, 0.00091171, 0.00942924, -0.00155305, 0.0176393, -0.0189938, 1, -0.0833656, 0.707953, -0.320056, 0.0381928
0.997323, -0.121494, 0.242051, -0.272501, 0.0277264, -0.150559, 0.0374111, -0.0773037, 0.0308201, -0.0833656, 1, 0.0207669, -0.0429955, -0.0213526
0.0251161, -0.000981778, 0.422356, -0.00133979, -0.0057726, 0.00287306, 0.404607, 0.00243454, -0.336068, 0.707953, 0.0207669, 1, -0.0081067, -0.228604
-0.0301318, 0.493167, -0.00725805, -0.0056407, 0.0170375, -0.0151656, -0.00129355, 0.45426, -0.685378, -0.320056, -0.0429955, -0.0081067, 1, -0.000580028
-0.0248069, -0.00846386, 0.00405409, 0.00166729, 0.00649964, -0.00496071, 0.00835836, -0.00730356, 0.00185746, 0.0381928, -0.0213526, -0.228604, -0.000580028, 1
DJI_20211224092336_0141.JPG
ZenmuseP1_35.0_8192x5460 (RGB)
PerspectiveCamera5
global
F,C0_x,C0_y,R1,R2,R3,T1,T2,X,Y,Z,Alpha,Beta,Gamma
1, -0.1201, 0.242916, -0.287849, 0.0420203, -0.163919, 0.0375019, -0.0766458, 0.0249118, -0.0857317, 0.997324, 0.0243223, -0.0350555, -0.0241905
-0.1201, 1, -0.031505, 0.00211909, 0.0289532, -0.0146326, -0.00761586, 0.904923, -0.00463822, 0.0156893, -0.121842, -0.00221049, 0.49656, -0.00845303
0.242916, -0.031505, 1, -0.0541328, -0.00613767, -0.0242888, 0.901201, -0.0217564, 0.0128234, -0.0271188, 0.24206, 0.42205, -0.00790343, -0.00395261
-0.287849, 0.00211909, -0.0541328, 1, -0.944114, 0.921714, 0.00634505, -0.0152872, -0.00637728, 0.0218754, -0.272769, 0.000316502, -0.00440907, 0.0011293
0.0420203, 0.0289532, -0.00613767, -0.944114, 1, -0.978299, -0.0168605, 0.0346546, 0.000676034, -0.000815227, 0.0280675, -0.00838848, 0.0171065, 0.00711288
-0.163919, -0.0146326, -0.0242888, 0.921714, -0.978299, 1, 0.011943, -0.0267318, -0.0034495, 0.0118858, -0.150909, 0.00637555, -0.0149227, -0.0056848
0.0375019, -0.00761586, 0.901201, 0.00634505, -0.0168605, 0.011943, 1, -0.00798348, 0.00686357, -0.00231802, 0.0374628, 0.405606, -0.00117845, 0.00113361
-0.0766458, 0.904923, -0.0217564, -0.0152872, 0.0346546, -0.0267318, -0.00798348, 1, -0.00689905, 0.0150595, -0.0776903, 0.00053995, 0.457677, -0.00747527
0.0249118, -0.00463822, 0.0128234, -0.00637728, 0.000676034, -0.0034495, 0.00686357, -0.00689905, 1, -0.0197612, 0.0289049, -0.338318, -0.686736, 0.011981
-0.0857317, 0.0156893, -0.0271188, 0.0218754, -0.000815227, 0.0118858, -0.00231802, 0.0150595, -0.0197612, 1, -0.0860093, 0.696354, -0.313267, 0.025018
0.997324, -0.121842, 0.24206, -0.272769, 0.0280675, -0.150909, 0.0374628, -0.0776903, 0.0289049, -0.0860093, 1, 0.0190737, -0.0430983, -0.0207357
0.0243223, -0.00221049, 0.42205, 0.000316502, -0.00838848, 0.00637555, 0.405606, 0.00053995, -0.338318, 0.696354, 0.0190737, 1, 0.00317725, -0.249418
-0.0350555, 0.49656, -0.00790343, -0.00440907, 0.0171065, -0.0149227, -0.00117845, 0.457677, -0.686736, -0.313267, -0.0430983, 0.00317725, 1, -0.00080731
-0.0241905, -0.00845303, -0.00395261, 0.0011293, 0.00711288, -0.0056848, 0.00113361, -0.00747527, 0.011981, 0.025018, -0.0207357, -0.249418, -0.00080731, 1
DJI_20211224092337_0142.JPG
ZenmuseP1_35.0_8192x5460 (RGB)
PerspectiveCamera5
global
F,C0_x,C0_y,R1,R2,R3,T1,T2,X,Y,Z,Alpha,Beta,Gamma
1, -0.1201, 0.242916, -0.287849, 0.0420203, -0.163919, 0.0375019, -0.0766458, 0.0247448, -0.0852341, 0.997274, 0.0232395, -0.0389044, -0.0233867
-0.1201, 1, -0.031505, 0.00211909, 0.0289532, -0.0146326, -0.00761586, 0.904923, -0.00431951, 0.0166381, -0.121926, -0.000838507, 0.493247, -0.00888899
0.242916, -0.031505, 1, -0.0541328, -0.00613767, -0.0242888, 0.901201, -0.0217564, 0.0147051, -0.0268709, 0.242365, 0.420914, -0.0100861, -0.00310835
-0.287849, 0.00211909, -0.0541328, 1, -0.944114, 0.921714, 0.00634505, -0.0152872, -0.00597511, 0.0222748, -0.272512, 0.00137468, -0.00559287, 0.00192362
0.0420203, 0.0289532, -0.00613767, -0.944114, 1, -0.978299, -0.0168605, 0.0346546, -0.000436777, -0.00136385, 0.0278354, -0.0090703, 0.0203018, 0.00643845
-0.163919, -0.0146326, -0.0242888, 0.921714, -0.978299, 1, 0.011943, -0.0267318, -0.00165403, 0.0122718, -0.150696, 0.00682736, -0.0183843, -0.00539564
0.0375019, -0.00761586, 0.901201, 0.00634505, -0.0168605, 0.011943, 1, -0.00798348, 0.00868405, -0.00239118, 0.0377185, 0.404612, -0.0024175, 0.00128222
