fileName imageWidth imageHeight 
camera matrix K [3x3]
radial distortion [3x1]
tangential distortion [2x1]
camera position t [3x1]
camera rotation R [3x3]
camera model m = K [R|-Rt] X

S0004.JPG 6000 4000
7155.64111245206368039362 0 3036.16406831688300371752
0 7155.64111245206368039362 1912.98014049128869373817
0 0 1
-0.10740218733859352440 -0.00041803839115008744 -0.00197827755385453653
-0.00094479782468691504 0.00107881142624684863
-87.18508292284884930723 -667.74681020401169462275 181.42823167305692777518
-0.93958385620025308693 -0.34160949698770132210 0.02202563814448666238
-0.34079657721166017881 0.93952854507717031840 0.03382020026541091018
-0.03224701736097611987 0.02427065209229596621 -0.99918520071022653983
S0005.JPG 6000 4000
7155.64111245206368039362 0 3036.16406831688300371752
0 7155.64111245206368039362 1912.98014049128869373817
0 0 1
-0.10740218733859352440 -0.00041803839115008744 -0.00197827755385453653
-0.00094479782468691504 0.00107881142624684863
-100.04526251709265238787 -646.50585921361778218852 181.53787061283975390324
-0.93890938573385940291 -0.34288952480035955750 0.02959626941103703918
-0.34212127631731709121 0.93923442583722926980 0.02813761918180625668
-0.03744592997746234997 0.01629316127686780691 -0.99916581968346429576
S0006.JPG 6000 4000
7155.64111245206368039362 0 3036.16406831688300371752
0 7155.64111245206368039362 1912.98014049128869373817
0 0 1
-0.10740218733859352440 -0.00041803839115008744 -0.00197827755385453653
-0.00094479782468691504 0.00107881142624684863
-113.20918400595634523143 -625.17017323562515684898 181.51449810041845012165
-0.94262089881143651393 -0.33377480587146896029 0.00776016039670788735
-0.33347793344353460210 0.94239261022022768888 0.02624187700099969364
-0.01607199521369282250 0.02214829943289698885 -0.99962550177658127115
S0007.JPG 6000 4000
7155.64111245206368039362 0 3036.16406831688300371752
0 7155.64111245206368039362 1912.98014049128869373817
0 0 1
-0.10740218733859352440 -0.00041803839115008744 -0.00197827755385453653
-0.00094479782468691504 0.00107881142624684863
-126.08912320303045362380 -604.19085669019409579050 181.33428640847679957915
-0.94257681247604718777 -0.33171941196906995497 0.03887395407453424212
-0.33077665092156705029 0.94327023445703539473 0.02877624006852630423
-0.04621428120837027531 0.01426522030198378900 -0.99882968703484664719
S0008.JPG 6000 4000
7155.64111245206368039362 0 3036.16406831688300371752
0 7155.64111245206368039362 1912.98014049128869373817
0 0 1
-0.10740218733859352440 -0.00041803839115008744 -0.00197827755385453653
-0.00094479782468691504 0.00107881142624684863
-139.24023003224701255931 -582.56234681396074392978 180.91140374782830235745
-0.93998891982664978251 -0.34077279093150031342 0.01716786427847567451
-0.33944619032583034368 0.93906132317404078513 0.05422282906580762341
-0.03459934213837465716 0.04514129239815410644 -0.99838126446974950756
S0009.JPG 6000 4000
7155.64111245206368039362 0 3036.16406831688300371752
0 7155.64111245206368039362 1912.98014049128869373817
0 0 1
-0.10740218733859352440 -0.00041803839115008744 -0.00197827755385453653
-0.00094479782468691504 0.00107881142624684863
-152.55653257892060992162 -561.42654374053654464660 180.82941235258746814907
-0.92823475364662244580 -0.37103185348841533076 0.02675080969886903248
-0.36888795848873934258 0.92737365133240656778 0.06244825775319912120
-0.04797828888783030321 0.04809859157346500075 -0.99768963575053981607
S0010.JPG 6000 4000
7155.64111245206368039362 0 3036.16406831688300371752
0 7155.64111245206368039362 1912.98014049128869373817
0 0 1
-0.10740218733859352440 -0.00041803839115008744 -0.00197827755385453653
-0.00094479782468691504 0.00107881142624684863
-166.17861432093582152447 -540.51646127302865352249 181.21781729206301747581
-0.91863350216119377123 -0.39427732535620463317 0.02564916016203218699
-0.39232795411691051557 0.91793052404582542447 0.05901126539395354365
-0.04681095091428267435 0.04414684286462414869 -0.99792774845656373461
S0011.JPG 6000 4000
7155.64111245206368039362 0 3036.16406831688300371752
0 7155.64111245206368039362 1912.98014049128869373817
0 0 1
-0.10740218733859352440 -0.00041803839115008744 -0.00197827755385453653
-0.00094479782468691504 0.00107881142624684863
-179.71843430483335168901 -519.54852500825802508189 181.57168876908735910547
-0.92450931764827581905 -0.37800003324538261618 0.04897444688823908432
-0.37612002444497844023 0.92554871742315902861 0.04351205451198785629
-0.06177579455602461023 0.02180702966556869946 -0.99785179493957754104
S0012.JPG 6000 4000
7155.64111245206368039362 0 3036.16406831688300371752
0 7155.64111245206368039362 1912.98014049128869373817
0 0 1
-0.10740218733859352440 -0.00041803839115008744 -0.00197827755385453653
-0.00094479782468691504 0.00107881142624684863
-193.05098694953926496964 -498.36225680908034973982 182.21249206843299361935
-0.91503981645894383323 -0.40255299160255481050 0.02555823246267336507
-0.40248266881547478668 0.91539207074324346891 0.00806586161360417671
-0.02664274006095232808 -0.00290616108128747413 -0.99964079480071954542
S0013.JPG 6000 4000
7155.64111245206368039362 0 3036.16406831688300371752
0 7155.64111245206368039362 1912.98014049128869373817
0 0 1
-0.10740218733859352440 -0.00041803839115008744 -0.00197827755385453653
-0.00094479782468691504 0.00107881142624684863
-206.55365865765571697921 -477.36149986240292264483 182.32258897459846025413
-0.92748732625708685262 -0.37216715279249518167 0.03548055826516110373
-0.37285528884842739084 0.92776744215545192684 -0.01505014465331938958
-0.02731653730317492451 -0.02718793222474969254 -0.99925703556747935696
S0014.JPG 6000 4000
7155.64111245206368039362 0 3036.16406831688300371752
0 7155.64111245206368039362 1912.98014049128869373817
0 0 1
-0.10740218733859352440 -0.00041803839115008744 -0.00197827755385453653
-0.00094479782468691504 0.00107881142624684863
-219.82085604004987544613 -456.18186101158187284454 181.55226501889899282105
-0.92571953972506393349 -0.37782468875191438373 0.01708327663930236939
-0.37782622963455098075 0.92587078101539010966 0.00326145091806604500
-0.01704916336233080337 -0.00343532115972363175 -0.99984875086043589754
S0015.JPG 6000 4000
7155.64111245206368039362 0 3036.16406831688300371752
0 7155.64111245206368039362 1912.98014049128869373817
0 0 1
-0.10740218733859352440 -0.00041803839115008744 -0.00197827755385453653
-0.00094479782468691504 0.00107881142624684863
-233.06894499893982697358 -435.10855682470810279483 181.22602398290447922591
-0.93324195321185332563 -0.35848456688650998103 0.02341521021721614665
-0.35824335003455509696 0.93352423547194252063 0.01393570746479674827
-0.02685440227121628498 0.00461704350385706494 -0.99962869305954771271
S0016.JPG 6000 4000
7155.64111245206368039362 0 3036.16406831688300371752
0 7155.64111245206368039362 1912.98014049128869373817
0 0 1
-0.10740218733859352440 -0.00041803839115008744 -0.00197827755385453653
-0.00094479782468691504 0.00107881142624684863
-246.68617901047693408145 -414.30528076430459805124 181.29728319084208010281
-0.92175892303525486238 -0.38712009226543425688 0.02232760554311426920
-0.38705053090200114418 0.92202773727359887967 0.00753247811854190156
-0.02350264524189242185 -0.00169878266089903539 -0.99972233135211341359
S0017.JPG 6000 4000
7155.64111245206368039362 0 3036.16406831688300371752
0 7155.64111245206368039362 1912.98014049128869373817
0 0 1
-0.10740218733859352440 -0.00041803839115008744 -0.00197827755385453653
-0.00094479782468691504 0.00107881142624684863
-260.41621133233149976149 -393.39841973465541968835 181.01481968342062600641
-0.93445553522543778335 -0.35343528537587709515 0.04331687590088757062
-0.35241909164095625018 0.93537866493062415962 0.02945398172686640448
-0.05092775798622863753 0.01225774220138438515 -0.99862711320223052081
S0018.JPG 6000 4000
7155.64111245206368039362 0 3036.16406831688300371752
0 7155.64111245206368039362 1912.98014049128869373817
0 0 1
-0.10740218733859352440 -0.00041803839115008744 -0.00197827755385453653
-0.00094479782468691504 0.00107881142624684863
-274.00190287979910408467 -372.42792676252298633699 180.66610317465494972566
-0.94469421026399946761 -0.32737045914869916663 0.01953027317904884944
-0.32598871437710497112 0.94387807399241407946 0.05315580434094787504
-0.03583583670630085399 0.04384933195774764342 -0.99839522679869552313
S0019.JPG 6000 4000
7155.64111245206368039362 0 3036.16406831688300371752
0 7155.64111245206368039362 1912.98014049128869373817
0 0 1
-0.10740218733859352440 -0.00041803839115008744 -0.00197827755385453653
-0.00094479782468691504 0.00107881142624684863
-287.71834859485653623778 -351.53168090689825930895 180.89241496342361870120
-0.92840618404301500366 -0.37074804573390846008 0.02465449279898164134
-0.36894224427309307845 0.92768931034111334899 0.05722030993941407129
-0.04408602750782353308 0.04402760569593892198 -0.99805710864422092499
S0020.JPG 6000 4000
7155.64111245206368039362 0 3036.16406831688300371752
0 7155.64111245206368039362 1912.98014049128869373817
0 0 1
-0.10740218733859352440 -0.00041803839115008744 -0.00197827755385453653
-0.00094479782468691504 0.00107881142624684863
-301.31562696132698420115 -330.73137959200812474592 181.17669769571293159061
-0.91586022064107786012 -0.39827721136783339473 0.05074760242945825645
-0.39635187813975297777 0.91704248346638683742 0.04402581302931368040
-0.06407218540339193469 0.02020758330092480015 -0.99774065199067119014
S0021.JPG 6000 4000
7155.64111245206368039362 0 3036.16406831688300371752
0 7155.64111245206368039362 1912.98014049128869373817
0 0 1
-0.10740218733859352440 -0.00041803839115008744 -0.00197827755385453653
-0.00094479782468691504 0.00107881142624684863
-314.74477182771983052589 -309.88183895878603379970 181.37394382833460326765
-0.91926246337873696035 -0.39033646828944468243 0.05093098218353538792
-0.38828595952730454721 0.92040267251402441140 0.04574859629542708805
-0.06473435762264670434 0.02227918203985157150 -0.99765379816388133349
S0022.JPG 6000 4000
7155.64111245206368039362 0 3036.16406831688300371752
0 7155.64111245206368039362 1912.98014049128869373817
0 0 1
-0.10740218733859352440 -0.00041803839115008744 -0.00197827755385453653
-0.00094479782468691504 0.00107881142624684863
-328.30110022625137844443 -288.68803280572387848224 181.51210872193323098145
-0.93516037279754959943 -0.35260130414848322999 0.03387325585084543372
-0.35142201553114366108 0.93551510430571971355 0.03624991883972970147
-0.04447071113864335679 0.02199567977233633786 -0.99876851468304506110
S0023.JPG 6000 4000
7155.64111245206368039362 0 3036.16406831688300371752
0 7155.64111245206368039362 1912.98014049128869373817
0 0 1
-0.10740218733859352440 -0.00041803839115008744 -0.00197827755385453653
-0.00094479782468691504 0.00107881142624684863
-341.75055267171410378069 -267.74266468813124220105 181.65648290800433528602
-0.94391546576933915702 -0.32886689438526250928 0.02949846197421181898
-0.32789571241276371794 0.94412347297240817312 0.03339565187033301935
-0.03883291468300519023 0.02185025308574108441 -0.99900679235794564992
S0024.JPG 6000 4000
7155.64111245206368039362 0 3036.16406831688300371752
0 7155.64111245206368039362 1912.98014049128869373817
0 0 1
-0.10740218733859352440 -0.00041803839115008744 -0.00197827755385453653
-0.00094479782468691504 0.00107881142624684863
-355.41608774379920987485 -246.71395488935726802993 181.47986223377802161849
-0.93625924514229508233 -0.35022164342037059859 0.02763017128999827390
-0.34971726993613916346 0.93660822398863918803 0.02151431768057929586
-0.03341342535558759069 0.01048023075996461391 -0.99938666579518886657
S0025.JPG 6000 4000
7155.64111245206368039362 0 3036.16406831688300371752
0 7155.64111245206368039362 1912.98014049128869373817
0 0 1
-0.10740218733859352440 -0.00041803839115008744 -0.00197827755385453653
-0.00094479782468691504 0.00107881142624684863
-368.95910495717595267706 -225.56770723263034028605 181.56350246758580624373
-0.93423729497460250570 -0.35471528202196744850 0.03711799265334363856
-0.35392712937648568294 0.93490535189049739362 0.02622155788326734419
-0.04400299728266165999 0.01136009271886824837 -0.99896680851946262347
S0026.JPG 6000 4000
7155.64111245206368039362 0 3036.16406831688300371752
0 7155.64111245206368039362 1912.98014049128869373817
0 0 1
-0.10740218733859352440 -0.00041803839115008744 -0.00197827755385453653
-0.00094479782468691504 0.00107881142624684863
-382.47646600871428290702 -204.46896920072791203893 181.59774866232746148853
-0.93311917652137654766 -0.35830051103441523663 0.03015536769043013210
-0.35770586104580359699 0.93354081980381875550 0.02341056884174559302
-0.03653928545481353873 0.01105809895464852574 -0.99927103383714710461
S0027.JPG 6000 4000
7155.64111245206368039362 0 3036.16406831688300371752
0 7155.64111245206368039362 1912.98014049128869373817
0 0 1
-0.10740218733859352440 -0.00041803839115008744 -0.00197827755385453653
-0.00094479782468691504 0.00107881142624684863
-396.06305609508501675009 -183.32459715781328668527 181.67152470810438558146
-0.92635215593397712830 -0.37561658592991747918 0.02799756365873995109
-0.37525653721249280226 0.92675836671119016241 0.01736263257965900766
-0.03246866914059348685 0.00557764333389155174 -0.99945719038840208359
S0028.JPG 6000 4000
7155.64111245206368039362 0 3036.16406831688300371752
0 7155.64111245206368039362 1912.98014049128869373817
0 0 1
-0.10740218733859352440 -0.00041803839115008744 -0.00197827755385453653
-0.00094479782468691504 0.00107881142624684863
-409.78599401717031014414 -162.41714417724492136585 181.90776283383360123480
-0.93830316144124481514 -0.34377954788409548215 0.03745396755982138837
-0.34396385689317293677 0.93898151002363916540 0.00160903228656965173
-0.03572173540770530453 -0.01137305105647860685 -0.99929705860125928041
S0029.JPG 6000 4000
7155.64111245206368039362 0 3036.16406831688300371752
0 7155.64111245206368039362 1912.98014049128869373817
0 0 1
-0.10740218733859352440 -0.00041803839115008744 -0.00197827755385453653
-0.00094479782468691504 0.00107881142624684863
-422.91770517245475957679 -141.40044543925134234996 181.93830799807869880169
-0.93901837137451915627 -0.34266420121300139590 0.02873575174240705285
-0.34318854924714570220 0.93913447184634513132 -0.01575003033412912187
-0.02158976347218824129 -0.02465134878545601621 -0.99946295234804616303
S0030.JPG 6000 4000
7155.64111245206368039362 0 3036.16406831688300371752
0 7155.64111245206368039362 1912.98014049128869373817
0 0 1
-0.10740218733859352440 -0.00041803839115008744 -0.00197827755385453653
-0.00094479782468691504 0.00107881142624684863
-436.16986906306476612372 -119.58405638200908072122 181.48738296509480960594
-0.94455365659716705728 -0.32759991073709920917 0.02228650474985965912
-0.32763240540931204414 0.94480252119611718431 0.00228097943188740803
-0.02180359453459611643 -0.00514727369635039917 -0.99974902292468670328
S0031.JPG 6000 4000
7155.64111245206368039362 0 3036.16406831688300371752
0 7155.64111245206368039362 1912.98014049128869373817
0 0 1
-0.10740218733859352440 -0.00041803839115008744 -0.00197827755385453653
-0.00094479782468691504 0.00107881142624684863
-449.19439589600267481728 -98.37093137460199443467 181.06288212932838632696
-0.94320688202233737840 -0.33192337873270466586 0.01369848007503196054
-0.33146640202216953730 0.94305663680847373609 0.02782452339156581828
-0.02215405236470322989 0.02170369604827316473 -0.99951895807016399864
S0032.JPG 6000 4000
7155.64111245206368039362 0 3036.16406831688300371752
0 7155.64111245206368039362 1912.98014049128869373817
0 0 1
-0.10740218733859352440 -0.00041803839115008744 -0.00197827755385453653
-0.00094479782468691504 0.00107881142624684863
-462.20591165060375260509 -77.24186693278143422958 181.36503059673009374819
-0.92882866160459898186 -0.37025142079431822006 0.01382760939562356281
-0.36981400409570103216 0.92872486924221653304 0.02660300031448790264
-0.02269184339171377573 0.01959598557910563824 -0.99955043774322338557
S0033.JPG 6000 4000
7155.64111245206368039362 0 3036.16406831688300371752
0 7155.64111245206368039362 1912.98014049128869373817
0 0 1
-0.10740218733859352440 -0.00041803839115008744 -0.00197827755385453653
-0.00094479782468691504 0.00107881142624684863
-475.82387640843649023736 -55.81179014204401056531 181.44455266150973216099
-0.92992334841055968031 -0.36747164099215506861 0.01439302426266173170
-0.36718443407807055401 0.92994948579097069796 0.01922355970876435394
-0.02044889854392955425 0.01259154254418708326 -0.99971160621686205872
S0034.JPG 6000 4000
7155.64111245206368039362 0 3036.16406831688300371752
0 7155.64111245206368039362 1912.98014049128869373817
0 0 1
-0.10740218733859352440 -0.00041803839115008744 -0.00197827755385453653
-0.00094479782468691504 0.00107881142624684863
-489.73144864146877353051 -34.99335316673972329227 181.21995225207618318564
-0.93191579532466528590 -0.36177102019312723513 0.02558670304709752263
-0.36080651327548551865 0.93195681946543451613 0.03570919531238758021
-0.03676425441081764001 0.02404611403730898267 -0.99903462102037354775
S0035.JPG 6000 4000
7155.64111245206368039362 0 3036.16406831688300371752
0 7155.64111245206368039362 1912.98014049128869373817
0 0 1
-0.10740218733859352440 -0.00041803839115008744 -0.00197827755385453653
-0.00094479782468691504 0.00107881142624684863
-503.18835928257084333381 -14.19104393527408980447 181.01345856521859900568
-0.92274576610497760498 -0.38429560936533774251 0.02927688094489803300
-0.38274316341414749143 0.92263447192445835476 0.04746895908282670884
-0.04525397214686441294 0.03259625498733911830 -0.99844356984545268308
S0036.JPG 6000 4000
7155.64111245206368039362 0 3036.16406831688300371752
0 7155.64111245206368039362 1912.98014049128869373817
0 0 1
-0.10740218733859352440 -0.00041803839115008744 -0.00197827755385453653
-0.00094479782468691504 0.00107881142624684863
-516.97467967202237559832 6.65842967617693304305 181.21257231106514495877
-0.91805089460636546406 -0.39580773446066974675 0.02277701151520934372
-0.39429254834991034340 0.91752068158867239323 0.05185735408591222312
-0.04142392096585758438 0.03862688439636362964 -0.99839472282942509640
S0037.JPG 6000 4000
7155.64111245206368039362 0 3036.16406831688300371752
0 7155.64111245206368039362 1912.98014049128869373817
0 0 1
-0.10740218733859352440 -0.00041803839115008744 -0.00197827755385453653
-0.00094479782468691504 0.00107881142624684863
-530.70952600294458534336 27.57981471807444506794 181.37643538611823146312
-0.92412839919349343276 -0.38127781642179980892 0.02477758076761149217
-0.37967211303708908732 0.92363866228408131320 0.05235177280689409102
-0.04284610117645519523 0.03897240355299030207 -0.99832127262483982832
S0038.JPG 6000 4000
7155.64111245206368039362 0 3036.16406831688300371752
0 7155.64111245206368039362 1912.98014049128869373817
0 0 1
-0.10740218733859352440 -0.00041803839115008744 -0.00197827755385453653
-0.00094479782468691504 0.00107881142624684863
-544.38643137515134640125 48.54983302001087963617 181.62130097210413737230
-0.90164506267081556690 -0.43199653116530772889 0.02037591770896217055
-0.43131062014933607696 0.90167280887306022752 0.03094017914235231564
-0.03173846101713565654 0.01910871005868820111 -0.99931352802419159964
S0039.JPG 6000 4000
7155.64111245206368039362 0 3036.16406831688300371752
0 7155.64111245206368039362 1912.98014049128869373817
0 0 1
-0.10740218733859352440 -0.00041803839115008744 -0.00197827755385453653
-0.00094479782468691504 0.00107881142624684863
-557.77604949263991329644 69.26364601654535135822 181.54405326928267072617
-0.90547186375456611973 -0.42312873751050994464 0.03290555335493393352
-0.42289156304063185710 0.90606896040048257035 0.01420439748246498171
-0.03582498929356047607 -0.00105379862902668479 -0.99935752343721595548
S0040.JPG 6000 4000
7155.64111245206368039362 0 3036.16406831688300371752
0 7155.64111245206368039362 1912.98014049128869373817
0 0 1
-0.10740218733859352440 -0.00041803839115008744 -0.00197827755385453653
-0.00094479782468691504 0.00107881142624684863
-571.37700896193177868554 90.47177546025999106405 181.92593911566285669323
-0.89708795929974183281 -0.44006224473715455092 0.03972925919673744866
-0.44099119587874446857 0.89732347343026075404 -0.01836706804275225688
-0.02756734366709396450 -0.03399712911333797882 -0.99904165917903120508
S0041.JPG 6000 4000
7155.64111245206368039362 0 3036.16406831688300371752
0 7155.64111245206368039362 1912.98014049128869373817
0 0 1
-0.10740218733859352440 -0.00041803839115008744 -0.00197827755385453653
-0.00094479782468691504 0.00107881142624684863
-584.74378203875107828935 111.44645343062072129214 182.15789017594917709175
-0.90856646691168452268 -0.41602465095446894416 0.03782148862526617250
-0.41738556822352756992 0.90779703820686308280 -0.04115610357614463838
-0.01721228172967964598 -0.05317919913894549044 -0.99843663301012675060
S0042.JPG 6000 4000
7155.64111245206368039362 0 3036.16406831688300371752
0 7155.64111245206368039362 1912.98014049128869373817
0 0 1
-0.10740218733859352440 -0.00041803839115008744 -0.00197827755385453653
-0.00094479782468691504 0.00107881142624684863
-597.89007759668083963334 132.72575226512222457131 181.48911734418703645133
-0.86746957346578057457 -0.49742308816512376124 0.00817376726902976219
-0.49737474710420664925 0.86679711565738415402 -0.03579275389049849793
0.01071914428129627783 -0.03511455037887870750 -0.99932580688060190788
S0043.JPG 6000 4000
7155.64111245206368039362 0 3036.16406831688300371752
0 7155.64111245206368039362 1912.98014049128869373817
0 0 1
-0.10740218733859352440 -0.00041803839115008744 -0.00197827755385453653
-0.00094479782468691504 0.00107881142624684863
-611.74235173814304289408 154.12413836641502484781 180.92324536831816317317
-0.86858384354453566090 -0.49440002344534333956 0.03362623307249459903
-0.49484405042999363156 0.86896167147588088131 -0.00591432666337923102
-0.02629586445507434145 -0.02177682995955210199 -0.99941697863778222732
S0044.JPG 6000 4000
7155.64111245206368039362 0 3036.16406831688300371752
0 7155.64111245206368039362 1912.98014049128869373817
0 0 1
-0.10740218733859352440 -0.00041803839115008744 -0.00197827755385453653
-0.00094479782468691504 0.00107881142624684863
-625.15026021729886451794 175.30533047421795345144 181.24365525066357918149
-0.89231049665033190799 -0.44989737216428460354 0.03707198520863205782
-0.45046540637634086002 0.89275556939219147257 -0.00827109287954608773
-0.02937507831199670169 -0.02408002987737293404 -0.99927836809132863927
S0045.JPG 6000 4000
7155.64111245206368039362 0 3036.16406831688300371752
0 7155.64111245206368039362 1912.98014049128869373817
0 0 1
-0.10740218733859352440 -0.00041803839115008744 -0.00197827755385453653
-0.00094479782468691504 0.00107881142624684863
-614.96097655437438334047 214.51292642608692062822 181.99202914517135809547
0.74108010333684704030 0.67005847672576934748 0.04268393381812071730
0.67085638182925066975 -0.74156042172023739489 -0.00631315270450819293
0.02742253447832436811 0.03331334126210187818 -0.99906867926921816281
S0046.JPG 6000 4000
7155.64111245206368039362 0 3036.16406831688300371752
0 7155.64111245206368039362 1912.98014049128869373817
0 0 1
-0.10740218733859352440 -0.00041803839115008744 -0.00197827755385453653
-0.00094479782468691504 0.00107881142624684863
-601.20844043947670343186 193.55819098284601409432 181.83085712489690877192
0.72016389268809011259 0.69239110791312741267 0.04425518445525654376
0.69305572055807740384 -0.72088387856379221308 0.00044925332222580039
0.03221390802217095894 0.03034777272973126355 -0.99902015836532731541
S0047.JPG 6000 4000
7155.64111245206368039362 0 3036.16406831688300371752
0 7155.64111245206368039362 1912.98014049128869373817
0 0 1
-0.10740218733859352440 -0.00041803839115008744 -0.00197827755385453653
-0.00094479782468691504 0.00107881142624684863
-587.84732339478421181411 172.62428036815654763814 181.46959615410517585588
0.71583366411826032660 0.69668647529582172773 0.04701191822198066278
0.69709882873007511517 -0.71690984319008632664 0.00966952534116266409
0.04043993444830355777 0.02585018137364795965 -0.99884752581400848559
S0048.JPG 6000 4000
7155.64111245206368039362 0 3036.16406831688300371752
0 7155.64111245206368039362 1912.98014049128869373817
0 0 1
-0.10740218733859352440 -0.00041803839115008744 -0.00197827755385453653
-0.00094479782468691504 0.00107881142624684863
-574.40552883329473843332 151.31650214702170842429 181.45806696073239550060
0.73109393640671238579 0.68207108250736048216 0.01675394152357548294
0.68165499379999838769 -0.73125552165326379583 0.02473522749313282823
0.02912259564087740088 -0.00666336693049163209 -0.99955363736234159600
S0049.JPG 6000 4000
7155.64111245206368039362 0 3036.16406831688300371752
0 7155.64111245206368039362 1912.98014049128869373817
0 0 1
-0.10740218733859352440 -0.00041803839115008744 -0.00197827755385453653
-0.00094479782468691504 0.00107881142624684863
-561.24750547951919088518 130.35317618401052186528 181.64389151013435252935
0.72484981585895325029 0.68842155248781233823 0.02585557037684177439
0.68853929684654058274 -0.72517854118137980990 0.00545161518426814234
0.02250291419601062326 0.01385097398438624346 -0.99965082372414959533
S0050.JPG 6000 4000
7155.64111245206368039362 0 3036.16406831688300371752
0 7155.64111245206368039362 1912.98014049128869373817
0 0 1
-0.10740218733859352440 -0.00041803839115008744 -0.00197827755385453653
-0.00094479782468691504 0.00107881142624684863
-548.11751210803993217269 108.98333421106893581509 182.02532472116493522662
0.76359832227465584964 0.64515199329605843470 0.02639143356192244494
0.64561837141618072522 -0.76348915229415315054 -0.01616269838466763420
0.00972217615810832061 0.02938060372555019450 -0.99952101499441869947
S0051.JPG 6000 4000
7155.64111245206368039362 0 3036.16406831688300371752
0 7155.64111245206368039362 1912.98014049128869373817
0 0 1
-0.10740218733859352440 -0.00041803839115008744 -0.00197827755385453653
-0.00094479782468691504 0.00107881142624684863
-535.14161233737286238465 87.86305102987202531040 181.93366747033991259741
0.75546167545540809929 0.65511488449365928854 0.01010668258961769199
0.65502076436795830805 -0.75481989608363253552 -0.03456476129109031098
-0.01501516449871804701 0.03273243943175903337 -0.99935135575228140059
S0052.JPG 6000 4000
7155.64111245206368039362 0 3036.16406831688300371752
0 7155.64111245206368039362 1912.98014049128869373817
0 0 1
-0.10740218733859352440 -0.00041803839115008744 -0.00197827755385453653
-0.00094479782468691504 0.00107881142624684863
-521.87129250997850249405 66.58872395195803051138 181.82687265258255138178
0.71477209538353136953 0.69918146414919979392 0.01568858984156188546
0.69931689117325390725 -0.71430916249240039573 -0.02680123316529911190
-0.00753242197510507749 0.03012806946331679503 -0.99951766470113101448
S0053.JPG 6000 4000
7155.64111245206368039362 0 3036.16406831688300371752
0 7155.64111245206368039362 1912.98014049128869373817
0 0 1
-0.10740218733859352440 -0.00041803839115008744 -0.00197827755385453653
-0.00094479782468691504 0.00107881142624684863
-509.09346508487118398989 45.35204193498469038559 181.27180769316362329846
0.70045521552190115333 0.71365902608229669912 0.00729969447543824933
0.71364059119491429772 -0.70049170540836513954 0.00533640825398413662
0.00892175134937560864 0.00147144328733669156 -0.99995911776807755444
S0054.JPG 6000 4000
7155.64111245206368039362 0 3036.16406831688300371752
0 7155.64111245206368039362 1912.98014049128869373817
0 0 1
-0.10740218733859352440 -0.00041803839115008744 -0.00197827755385453653
-0.00094479782468691504 0.00107881142624684863
-496.05410510886053998547 23.85833370504539985291 180.63413036055223415133
0.66136855266418514976 0.75005609826674268792 0.00273623824827061348
0.74972220910999454180 -0.66117499265347923210 0.02764485950229118166
0.02254432775911930156 -0.01623202213349035639 -0.99961406289795029512
S0055.JPG 6000 4000
7155.64111245206368039362 0 3036.16406831688300371752
0 7155.64111245206368039362 1912.98014049128869373817
0 0 1
-0.10740218733859352440 -0.00041803839115008744 -0.00197827755385453653
-0.00094479782468691504 0.00107881142624684863
-482.53232254020383606985 2.67437212498577370212 180.66334590519471703374
0.63467347217902359002 0.77276243876223693618 0.00527228133376956426
0.77132663067283846470 -0.63388303830784897830 0.05698703853067510483
0.04737945258346566019 -0.03210151061632758596 -0.99836099707923331437
S0056.JPG 6000 4000
7155.64111245206368039362 0 3036.16406831688300371752
0 7155.64111245206368039362 1912.98014049128869373817
0 0 1
-0.10740218733859352440 -0.00041803839115008744 -0.00197827755385453653
-0.00094479782468691504 0.00107881142624684863
-468.78002594596347307743 -18.05091621450691619089 181.16496734756765363272
0.65239092335838566594 0.75680618864022586312 0.04037915248550889846
0.75472260911535427041 -0.65360828523880054597 0.05648002086850832659
0.06913657794326572015 -0.00637199364797702214 -0.99758685400683022593
S0057.JPG 6000 4000
7155.64111245206368039362 0 3036.16406831688300371752
0 7155.64111245206368039362 1912.98014049128869373817
0 0 1
-0.10740218733859352440 -0.00041803839115008744 -0.00197827755385453653
-0.00094479782468691504 0.00107881142624684863
-454.74420213350708763755 -38.82903429041481047079 181.86551034027255013825
0.61023628967022813807 0.79205353646385745492 0.01621314727652262838
0.79154523713329538737 -0.61043340313513716477 0.02876104845881010882
0.03267733681174780913 -0.00471759599285776800 -0.99945481936250613053
S0058.JPG 6000 4000
7155.64111245206368039362 0 3036.16406831688300371752
0 7155.64111245206368039362 1912.98014049128869373817
0 0 1
-0.10740218733859352440 -0.00041803839115008744 -0.00197827755385453653
-0.00094479782468691504 0.00107881142624684863
-440.45322975652044306116 -59.08482834211100254151 181.62789947647769395189
0.62377726491979224033 0.78010993841301812246 0.04827429707847025880
0.77964188153167501838 -0.62539648427294203259 0.03221450016364143382
0.05532142741228733562 0.01754199100104314804 -0.99831448863611438327
S0059.JPG 6000 4000
7155.64111245206368039362 0 3036.16406831688300371752
0 7155.64111245206368039362 1912.98014049128869373817
0 0 1
-0.10740218733859352440 -0.00041803839115008744 -0.00197827755385453653
-0.00094479782468691504 0.00107881142624684863
-426.06129384409700833203 -79.89738032562352998411 181.34664990012677776576
0.62739883241536931191 0.77678053252182488464 0.05461418660880640319
0.77383419357353988577 -0.62977137387417048142 0.06759184495949943638
0.08689848065542093991 -0.00014471955629008493 -0.99621716162492879310
S0060.JPG 6000 4000
7155.64111245206368039362 0 3036.16406831688300371752
0 7155.64111245206368039362 1912.98014049128869373817
0 0 1
-0.10740218733859352440 -0.00041803839115008744 -0.00197827755385453653
-0.00094479782468691504 0.00107881142624684863
-411.92209579427418475461 -100.39324662935240439765 181.84667721141480001279
0.62002195841858920300 0.78341078767016203432 0.04289882097206888789
0.78162879120227746199 -0.62150375953637859716 0.05281580867329307288
0.06803825278799996434 0.00078399245132443340 -0.99768240513371408973
S0061.JPG 6000 4000
7155.64111245206368039362 0 3036.16406831688300371752
0 7155.64111245206368039362 1912.98014049128869373817
0 0 1
-0.10740218733859352440 -0.00041803839115008744 -0.00197827755385453653
-0.00094479782468691504 0.00107881142624684863
-397.59038720294489621665 -121.04979487043634378551 181.95205371044900743982
0.70008469496791170261 0.70809671783105521126 0.09208940258560102676
0.70744088574175811868 -0.70532205053317709176 0.04525702390337774106
0.09699903634883474957 0.03346405875803524360 -0.99472174185489492526
S0062.JPG 6000 4000
7155.64111245206368039362 0 3036.16406831688300371752
0 7155.64111245206368039362 1912.98014049128869373817
0 0 1
-0.10740218733859352440 -0.00041803839115008744 -0.00197827755385453653
-0.00094479782468691504 0.00107881142624684863
-384.23358622221053337853 -142.40040035608930679700 182.49867015783158308295
0.72337890718102682008 0.68992267255280603777 0.02701226653165433519
0.68963401356477249671 -0.72387247351509376170 0.02033640631191014833
0.03358398398235040716 0.00391765040980725752 -0.99942822055170121853
S0063.JPG 6000 4000
7155.64111245206368039362 0 3036.16406831688300371752
0 7155.64111245206368039362 1912.98014049128869373817
0 0 1
-0.10740218733859352440 -0.00041803839115008744 -0.00197827755385453653
-0.00094479782468691504 0.00107881142624684863
-371.14334591406094432386 -162.94282954037331023756 182.38674823584472051152
0.70811418460569663935 0.70482977877956287660 0.04229993505623560329
0.70526805321694396866 -0.70891525549069789314 0.00601112669474603793
0.03422389036610496565 0.02557622877030281752 -0.99908687402552631696
S0064.JPG 6000 4000
7155.64111245206368039362 0 3036.16406831688300371752
0 7155.64111245206368039362 1912.98014049128869373817
0 0 1
-0.10740218733859352440 -0.00041803839115008744 -0.00197827755385453653
-0.00094479782468691504 0.00107881142624684863
-357.99373248702949013023 -184.86361192254227603371 182.02090041368674633304
0.70002371561347997986 0.71379263594567854412 0.02160718511092492647
0.71354923657413982241 -0.70035341425530817094 0.01877717032449441673
0.02853567176640457032 0.00227332590115684845 -0.99959018974086943921
S0065.JPG 6000 4000
7155.64111245206368039362 0 3036.16406831688300371752
0 7155.64111245206368039362 1912.98014049128869373817
0 0 1
-0.10740218733859352440 -0.00041803839115008744 -0.00197827755385453653
-0.00094479782468691504 0.00107881142624684863
-345.20452015730160155726 -206.57674286079182479625 181.07093038971564169515
0.69694084030895109283 0.71712402268646302517 -0.00256927916710075581
0.71700362902331504777 -0.69674800083084176272 0.02116646653604880787
0.01338884150513594377 -0.01659395746079038794 -0.99977266390862074008
S0066.JPG 6000 4000
7155.64111245206368039362 0 3036.16406831688300371752
0 7155.64111245206368039362 1912.98014049128869373817
0 0 1
-0.10740218733859352440 -0.00041803839115008744 -0.00197827755385453653
-0.00094479782468691504 0.00107881142624684863
-331.95493011203825517441 -227.35601065397662523537 181.02959897555311385986
0.66753971139777901200 0.74392545461565617870 0.03107493655438795660
0.74245556352863806282 -0.66820647601842741992 0.04753779120244702033
0.05612904677920833862 -0.00866160388866458325 -0.99838595078543312944
S0067.JPG 6000 4000
7155.64111245206368039362 0 3036.16406831688300371752
0 7155.64111245206368039362 1912.98014049128869373817
0 0 1
-0.10740218733859352440 -0.00041803839115008744 -0.00197827755385453653
-0.00094479782468691504 0.00107881142624684863
-318.32724873331630988105 -248.65289033203018220775 181.21516014719446729941
0.64889991429170590376 0.75906285534790507441 0.05246411024025905007
0.75733064493957358287 -0.65098752635366274877 0.05162881721818453340
0.07334299876352233516 0.00623074337657417848 -0.99728731184616470351
S0068.JPG 6000 4000
7155.64111245206368039362 0 3036.16406831688300371752
0 7155.64111245206368039362 1912.98014049128869373817
0 0 1
-0.10740218733859352440 -0.00041803839115008744 -0.00197827755385453653
-0.00094479782468691504 0.00107881142624684863
-304.74637711642031945303 -269.46363186808082446078 181.44724131555412327543
0.69495889806503197139 0.71845761941794361594 0.02916811787787833288
0.71694222665029072594 -0.69545522074727572637 0.04833093813574405873
0.05500885061478502647 -0.01267616013070167399 -0.99840539928346805354
S0069.JPG 6000 4000
7155.64111245206368039362 0 3036.16406831688300371752
0 7155.64111245206368039362 1912.98014049128869373817
0 0 1
-0.10740218733859352440 -0.00041803839115008744 -0.00197827755385453653
-0.00094479782468691504 0.00107881142624684863
-291.06003672834043527473 -290.36051404391776031844 181.97006590257689140344
0.65098230395890954725 0.75897644803725383689 0.01329628734284601932
0.75895445070356326589 -0.65109824609887112512 0.00769517278730502685
0.01449764427769536720 0.00508185514624471049 -0.99988198956610374601
S0070.JPG 6000 4000
7155.64111245206368039362 0 3036.16406831688300371752
0 7155.64111245206368039362 1912.98014049128869373817
0 0 1
-0.10740218733859352440 -0.00041803839115008744 -0.00197827755385453653
-0.00094479782468691504 0.00107881142624684863
-276.47544000469531511044 -310.63678414926704363097 182.21533307557456282666
0.63360608456687306234 0.76669166573820091148 0.10357229015243109294
0.77079497028305954398 -0.63708296942349396108 0.00063549734926577901
0.06647137268158329060 0.07943034532297062189 -0.99462172550960292750
S0071.JPG 6000 4000
7155.64111245206368039362 0 3036.16406831688300371752
0 7155.64111245206368039362 1912.98014049128869373817
0 0 1
-0.10740218733859352440 -0.00041803839115008744 -0.00197827755385453653
-0.00094479782468691504 0.00107881142624684863
-262.32148929784926849607 -331.37650070601739571430 182.26613196400504079975
0.74252667877548050868 0.66637068453945280666 0.06785456574966478027
0.66886655325356714208 -0.74305247423630649273 -0.02214846428075636572
0.03566041566425331988 0.06183147513786321769 -0.99744934880771174424
S0072.JPG 6000 4000
7155.64111245206368039362 0 3036.16406831688300371752
0 7155.64111245206368039362 1912.98014049128869373817
0 0 1
-0.10740218733859352440 -0.00041803839115008744 -0.00197827755385453653
-0.00094479782468691504 0.00107881142624684863
-248.70854625392732373257 -352.46494627384674913628 182.27267828807882210640
0.73781150593585953512 0.67305617096347158945 0.05127935682756809554
0.67489932615978287522 -0.73691784878421262572 -0.03824896982036635890
0.01204496814981634301 0.06282893339249251419 -0.99795162401342463188
S0073.JPG 6000 4000
7155.64111245206368039362 0 3036.16406831688300371752
0 7155.64111245206368039362 1912.98014049128869373817
0 0 1
-0.10740218733859352440 -0.00041803839115008744 -0.00197827755385453653
-0.00094479782468691504 0.00107881142624684863
-235.78919885952490176351 -373.60167030989754266557 181.81450282480045643752
0.72668828612994051941 0.68636842323570734781 0.02867965108676422473
0.68695280290093896358 -0.72631101513522156043 -0.02383602063658391348
0.00447005459400580396 0.03702292368483069834 -0.99930441895037858124
S0074.JPG 6000 4000
7155.64111245206368039362 0 3036.16406831688300371752
0 7155.64111245206368039362 1912.98014049128869373817
0 0 1
-0.10740218733859352440 -0.00041803839115008744 -0.00197827755385453653
-0.00094479782468691504 0.00107881142624684863
-222.80554892713828962769 -395.00318941361933866574 180.89958432006187649677
0.70586595372974814122 0.70795828738231558752 0.02341620575353058412
0.70790341894445096838 -0.70620758973938779768 0.01198288951971855990
0.02502008816831386567 0.00811809837235668262 -0.99965398597057908425
S0075.JPG 6000 4000
7155.64111245206368039362 0 3036.16406831688300371752
0 7155.64111245206368039362 1912.98014049128869373817
0 0 1
-0.10740218733859352440 -0.00041803839115008744 -0.00197827755385453653
-0.00094479782468691504 0.00107881142624684863
-209.90080069203344237394 -416.29890523728602147457 180.43964078095237368871
0.70888815381863601317 0.70453042096479934209 0.03338369827877731011
0.70280943393317030221 -0.70956299798718902583 0.05078633144822667506
0.05946835250906595816 -0.01253945064965151721 -0.99815143000812367458
S0076.JPG 6000 4000
7155.64111245206368039362 0 3036.16406831688300371752
0 7155.64111245206368039362 1912.98014049128869373817
0 0 1
-0.10740218733859352440 -0.00041803839115008744 -0.00197827755385453653
-0.00094479782468691504 0.00107881142624684863
-197.00497045943137663926 -437.70679654644459333213 180.82141546306124268995
0.68194902261228274032 0.73089501889015051628 0.02716619074730142191
0.72890903334621581777 -0.68222045160723299162 0.05715659642690786718
0.06030880254521375078 -0.01917620323186012068 -0.99799555187644639620
S0077.JPG 6000 4000
7155.64111245206368039362 0 3036.16406831688300371752
0 7155.64111245206368039362 1912.98014049128869373817
0 0 1
-0.10740218733859352440 -0.00041803839115008744 -0.00197827755385453653
-0.00094479782468691504 0.00107881142624684863
-183.98827220260440640232 -458.95984262543231579912 181.26330645095649174436
