fileName imageWidth imageHeight 
camera matrix K [3x3]
radial distortion [3x1]
tangential distortion [2x1]
camera position t [3x1]
camera rotation R [3x3]
camera model m = K [R|-Rt] X

A0619.JPG 6000 4000
11065.66228590038554102648 0 3112.09795853914965846343
0 11065.66228590038554102648 1971.20371390743457595818
0 0 1
-0.00336088036075458344 -0.16227446220797395182 0.68114678247600979333
0.00138048246948679855 0.00245908763974985465
-20.05364552702308600374 -287.97960791717889605934 179.24282766025970659030
0.38357851391061553725 -0.92343443853619611161 -0.01167738804117684180
-0.68164058430412421963 -0.27456509415475804925 -0.67821834456266449909
0.62308397306916507574 0.26810976632179839285 -0.73476766103797375163
D0619.JPG 6000 4000
11009.71554499911326274741 0 3062.14915028670384344878
0 11009.71554499911326274741 1952.69340636129436461488
0 0 1
-0.01557266598622179116 0.09780024118597280269 -1.01609374871024349396
0.00091790157643466231 -0.00066968511970644977
-20.01408028798935845316 -288.07427832600285455555 179.24107838803953995921
-0.39129937916537776976 0.92008963951094269174 0.01788438227654063142
0.62126789399523529855 0.27845248607448130906 -0.73245506134483495675
-0.67890426405754367156 -0.27549821825842046863 -0.68058043755379904471
S0619.JPG 6000 4000
7151.07663799749479949242 0 3035.71311964360120327910
0 7151.07663799749479949242 1928.52072355042810158920
0 0 1
-0.10527644326948788767 -0.01681396230021686700 0.03432996634004552294
-0.00100901143089164266 0.00115691182813046681
-20.03516362450612930957 -288.02682628397008102183 179.21996111008431284972
-0.92104999257330877338 -0.38589956564949234874 0.05242553206445109415
-0.38538704266519008268 0.92253901241675151379 0.01996491710234766029
-0.05606905141418553479 -0.00181543401362386711 -0.99842524290647594043
W0619.JPG 6000 4000
11049.23006873866870591883 0 2993.30936895597642433131
0 11049.23006873866870591883 1941.38376456135961234395
0 0 1
-0.01983656806062119443 -0.10738325470926499139 2.10504642473603542641
0.00035225750781349126 -0.00113724800000800097
-19.98683321565995996139 -288.00705162217786892143 179.23914558119417961279
-0.91762361129057490317 -0.39557102862143533883 0.03860659681224636736
-0.31680502046817715645 0.66931656070145895132 -0.67204904625847661226
0.24000309791375951107 -0.62891883648540036766 -0.73949956734649180401
X0619.JPG 6000 4000
11049.44724708785361144692 0 2920.44589517006079404382
0 11049.44724708785361144692 1891.44086984160162501212
0 0 1
-0.01898230985563682457 0.01721428164434773284 0.03767197875545318098
-0.00117440422085492266 -0.00316783862345715274
-20.08103820890035606794 -288.04652142975248807488 179.24450766461373518723
0.91661029433520868626 0.39751264201070402038 -0.04253548824678008572
0.24665499264176485306 -0.64604704645610255831 -0.72234654312887613958
-0.31462180935785905023 0.65161868696885627550 -0.69022185119667900377
A0620.JPG 6000 4000
11065.66228590038554102648 0 3112.09795853914965846343
0 11065.66228590038554102648 1971.20371390743457595818
0 0 1
-0.00336088036075458344 -0.16227446220797395182 0.68114678247600979333
0.00138048246948679855 0.00245908763974985465
-33.70237193857251867257 -267.01012918052117584011 179.23830156371445809782
0.38522791301739894854 -0.92280108039438724088 -0.00613360050956175684
-0.66545450674040496075 -0.27318013780536520851 -0.69465308735189945644
0.63935104167518441720 0.27168139121329831775 -0.71931875213792606516
D0620.JPG 6000 4000
11009.71554499911326274741 0 3062.14915028670384344878
0 11009.71554499911326274741 1952.69340636129436461488
0 0 1
-0.01557266598622179116 0.09780024118597280269 -1.01609374871024349396
0.00091790157643466231 -0.00066968511970644977
-33.66262499645961980832 -267.10473231887908696081 179.23712631671952522083
-0.39308381071792974915 0.91942237223577549798 0.01214986353049878585
0.63746576110383179614 0.28201300638980980606 -0.71701190202624487391
-0.66266320342371731744 -0.27410064877581008513 -0.69695502951689558557
S0620.JPG 6000 4000
7151.07663799749479949242 0 3035.71311964360120327910
0 7151.07663799749479949242 1928.52072355042810158920
0 0 1
-0.10527644326948788767 -0.01681396230021686700 0.03432996634004552294
-0.00100901143089164266 0.00115691182813046681
-33.68329432508933507506 -267.05723736225576203651 179.21569851353433477925
-0.92138965254409521677 -0.38748784614231879253 0.02990446917533081533
-0.38722471958071097431 0.92187330936776124002 0.01437421375143425883
-0.03313796509008098967 0.00166450212340107755 -0.99944940077142963020
W0620.JPG 6000 4000
11049.23006873866870591883 0 2993.30936895597642433131
0 11049.23006873866870591883 1941.38376456135961234395
0 0 1
-0.01983656806062119443 -0.10738325470926499139 2.10504642473603542641
0.00035225750781349126 -0.00113724800000800097
-33.63544873682275948568 -267.03745768640055757714 179.23605714085761064780
-0.91763150959440520360 -0.39710466570168390099 0.01613372484725371370
-0.30237284806245046109 0.67122849854557331550 -0.67677393825032716723
0.25792067259933870726 -0.62590749094271858066 -0.73601408915026578228
X0620.JPG 6000 4000
11049.44724708785361144692 0 2920.44589517006079404382
0 11049.44724708785361144692 1891.44086984160162501212
0 0 1
-0.01898230985563682457 0.01721428164434773284 0.03767197875545318098
-0.00117440422085492266 -0.00316783862345715274
-33.72968847048496598973 -267.07708994330397445083 179.23911576996485450763
0.91670550880290513351 0.39905874995696000163 -0.02007795341152279062
0.26420465989156510789 -0.64308668584789097089 -0.71877354721550401617
-0.29974473777197352398 0.65359898146184758350 -0.69495428886369658983
A0621.JPG 6000 4000
11065.66228590038554102648 0 3112.09795853914965846343
0 11065.66228590038554102648 1971.20371390743457595818
0 0 1
-0.00336088036075458344 -0.16227446220797395182 0.68114678247600979333
0.00138048246948679855 0.00245908763974985465
-47.46085173386414624019 -246.05371370378952633473 179.18244002891921695664
0.36419414253176757290 -0.93109370074253094973 -0.02066753451984219489
-0.68502181746131174389 -0.25277753144675463304 -0.68326322101931269426
0.63095779268311746879 0.26299817496184885179 -0.72987959542597502516
D0621.JPG 6000 4000
11009.71554499911326274741 0 3062.14915028670384344878
0 11009.71554499911326274741 1952.69340636129436461488
0 0 1
-0.01557266598622179116 0.09780024118597280269 -1.01609374871024349396
0.00091790157643466231 -0.00066968511970644977
-47.42327202967906885078 -246.14916835482065948781 179.17976985478964024878
-0.37200358368150732158 0.92784392465615628254 0.02681389950709671399
0.62935114141601866677 0.27335081205786709857 -0.72745891591598421666
-0.68229793677430250476 -0.25374196544120469765 -0.68562711472604720431
S0621.JPG 6000 4000
7151.07663799749479949242 0 3035.71311964360120327910
0 7151.07663799749479949242 1928.52072355042810158920
0 0 1
-0.10527644326948788767 -0.01681396230021686700 0.03432996634004552294
-0.00100901143089164266 0.00115691182813046681
-47.44328803770761027181 -246.10105653935059422110 179.15911179498783667441
-0.92909493388460895336 -0.36704644380480472288 0.04538184571169890519
-0.36604808084857409778 0.93014586276637067908 0.02893918598854434629
-0.05283376133713952455 0.01027531356456752934 -0.99855045520700647099
W0621.JPG 6000 4000
11049.23006873866870591883 0 2993.30936895597642433131
0 11049.23006873866870591883 1941.38376456135961234395
0 0 1
-0.01983656806062119443 -0.10738325470926499139 2.10504642473603542641
0.00035225750781349126 -0.00113724800000800097
-47.39461706341546687327 -246.08251081358147871470 179.17865922236717324267
-0.92582670819075130186 -0.37663600568620669851 0.03146785060052643967
-0.30052382451060094537 0.68312051588950872816 -0.66560633385836465159
0.22919497660768864411 -0.62569295983860240273 -0.74563931140076711301
X0621.JPG 6000 4000
11049.44724708785361144692 0 2920.44589517006079404382
0 11049.44724708785361144692 1891.44086984160162501212
0 0 1
-0.01898230985563682457 0.01721428164434773284 0.03767197875545318098
-0.00117440422085492266 -0.00316783862345715274
-47.48964489325318538704 -246.12005232385382669236 179.18330087754657142796
0.92486710663944882160 0.37864127788650003836 -0.03537820991588876141
0.23543070000546878484 -0.64314340368758993183 -0.72865557555547233459
-0.29865234060912598801 0.66558045717525382567 -0.68396596002657228386
A0622.JPG 6000 4000
11065.66228590038554102648 0 3112.09795853914965846343
0 11065.66228590038554102648 1971.20371390743457595818
0 0 1
-0.00336088036075458344 -0.16227446220797395182 0.68114678247600979333
0.00138048246948679855 0.00245908763974985465
-61.10295289305993549078 -224.98601871183788603048 179.09319658553036447302
0.38873125526389062934 -0.92118654176776759712 -0.01741741791715235160
-0.67581806857868054195 -0.27223752437192050291 -0.68495012118141107571
0.62622515867980077520 0.27803252613640155877 -0.72838174403719746497
D0622.JPG 6000 4000
11009.71554499911326274741 0 3062.14915028670384344878
0 11009.71554499911326274741 1952.69340636129436461488
0 0 1
-0.01557266598622179116 0.09780024118597280269 -1.01609374871024349396
0.00091790157643466231 -0.00066968511970644977
-61.06285591620491715048 -225.08045244066107670733 179.09086041181319615134
-0.39647261401401268088 0.91774456540241922120 0.02354525453717258923
0.62433749746780620171 0.28834419733091987137 -0.72598919628409386284
-0.67306177695107061165 -0.27313464910170603961 -0.68730292292958794498
S0622.JPG 6000 4000
7151.07663799749479949242 0 3035.71311964360120327910
0 7151.07663799749479949242 1928.52072355042810158920
0 0 1
-0.10527644326948788767 -0.01681396230021686700 0.03432996634004552294
-0.00100901143089164266 0.00115691182813046681
-61.08406679402236250098 -225.03293020973723059797 179.07003064872685627051
-0.91922066986410488898 -0.39137236435981903604 0.04313968602101030114
-0.39058713598544148038 0.92020756878239962084 0.02568500648774251285
-0.04974986730913504018 0.00676038245886895206 -0.99873882868932917223
W0622.JPG 6000 4000
11049.23006873866870591883 0 2993.30936895597642433131
0 11049.23006873866870591883 1941.38376456135961234395
0 0 1
-0.01983656806062119443 -0.10738325470926499139 2.10504642473603542641
0.00035225750781349126 -0.00113724800000800097
-61.03596832687144058127 -225.01306347939970464722 179.08969686553203359836
-0.91565377760031030352 -0.40090166792389675399 0.02925768654762419402
-0.31623952489511891750 0.67352925578516242844 -0.66809498164227743011
0.24813448462555737217 -0.62099613062991232404 -0.74350056037792333630
X0622.JPG 6000 4000
11049.44724708785361144692 0 2920.44589517006079404382
0 11049.44724708785361144692 1891.44086984160162501212
0 0 1
-0.01898230985563682457 0.01721428164434773284 0.03767197875545318098
-0.00117440422085492266 -0.00316783862345715274
-61.12998621698514511991 -225.05309304482645416101 179.09410919261827643822
0.91465460825874100870 0.40287259500758820785 -0.03317559016657828375
0.25477224413103638501 -0.63823968846340195515 -0.72645798480750090054
-0.31384399183588734816 0.65600592395342838259 -0.68640962735565136388
A0623.JPG 6000 4000
11065.66228590038554102648 0 3112.09795853914965846343
0 11065.66228590038554102648 1971.20371390743457595818
0 0 1
-0.00336088036075458344 -0.16227446220797395182 0.68114678247600979333
0.00138048246948679855 0.00245908763974985465
-74.37088840439191983478 -203.89743853225169800680 179.14871810613357183684
0.39921921405004917593 -0.91679632422596168961 -0.01041724623048191807
-0.66549964067614109098 -0.28193925761357346849 -0.69110092119475152739
0.63066175355192433116 0.28283344021185430339 -0.72268319317992957274
D0623.JPG 6000 4000
11009.71554499911326274741 0 3062.14915028670384344878
0 11009.71554499911326274741 1952.69340636129436461488
0 0 1
-0.01557266598622179116 0.09780024118597280269 -1.01609374871024349396
0.00091790157643466231 -0.00066968511970644977
-74.32971053114840742637 -203.99142111497181417690 179.14710215427891171203
-0.40698521240896501361 0.91328616381652916179 0.01647482508912985130
0.62863336563749960817 0.29313048410487657636 -0.72034339789832901868
-0.66270893195104840778 -0.28281248605697822951 -0.69342192728711149474
S0623.JPG 6000 4000
7151.07663799749479949242 0 3035.71311964360120327910
0 7151.07663799749479949242 1928.52072355042810158920
0 0 1
-0.10527644326948788767 -0.01681396230021686700 0.03432996634004552294
-0.00100901143089164266 0.00115691182813046681
-74.35123457386484346898 -203.94420515153476003434 179.12590047552814098708
-0.91516649802298200012 -0.40157246332745705208 0.03478271975377141001
-0.40115053434931913223 0.91582189955798631864 0.01866807652805357182
-0.03935136195364798140 0.00313129160565579767 -0.99922052887501933149
W0623.JPG 6000 4000
11049.23006873866870591883 0 2993.30936895597642433131
0 11049.23006873866870591883 1941.38376456135961234395
0 0 1
-0.01983656806062119443 -0.10738325470926499139 2.10504642473603542641
0.00035225750781349126 -0.00113724800000800097
-74.30357116432915631776 -203.92373731104635226075 179.14600461682229592952
-0.91134743840626397660 -0.41110356232335382165 0.02096920492982716488
-0.31676772496453270422 0.66786710874645838221 -0.67350704040525111171
0.26287650129126211018 -0.62044128336184611872 -0.73888331891386638262
X0623.JPG 6000 4000
11049.44724708785361144692 0 2920.44589517006079404382
0 11049.44724708785361144692 1891.44086984160162501212
0 0 1
-0.01898230985563682457 0.01721428164434773284 0.03767197875545318098
-0.00117440422085492266 -0.00316783862345715274
-74.39717439374695118204 -203.96481014259549624512 179.14956219339870813201
0.91036730665364828941 0.41305105946185866062 -0.02490359921012027036
0.26952860423781022092 -0.63755650734773017252 -0.72171741799417699070
-0.31398359586736390714 0.65031570964878260277 -0.69173967596936358770
A0624.JPG 6000 4000
11065.66228590038554102648 0 3112.09795853914965846343
0 11065.66228590038554102648 1971.20371390743457595818
0 0 1
-0.00336088036075458344 -0.16227446220797395182 0.68114678247600979333
0.00138048246948679855 0.00245908763974985465
-87.49281357917648449529 -182.67198084808231328680 179.09543456936810912339
0.41933435876171865075 -0.90783091667567172856 0.00131236035743245651
-0.63932951328428666571 -0.29633711978813948029 -0.70953652822060331307
0.64452809791782961213 0.29669401437083192663 -0.70466743420633914941
D0624.JPG 6000 4000
11009.71554499911326274741 0 3062.14915028670384344878
0 11009.71554499911326274741 1952.69340636129436461488
0 0 1
-0.01557266598622179116 0.09780024118597280269 -1.01609374871024349396
0.00091790157643466231 -0.00066968511970644977
-87.44955830612096292498 -182.76503873760844953722 179.09502842920323928411
-0.42719004522636105925 0.90415053721426441591 0.00452452369389635435
0.64220926986282167448 0.30694378779066294749 -0.70239074939735790526
-0.63645574784250402711 -0.29714864494370074599 -0.71177718693869462818
S0624.JPG 6000 4000
7151.07663799749479949242 0 3035.71311964360120327910
0 7151.07663799749479949242 1928.52072355042810158920
0 0 1
-0.10527644326948788767 -0.01681396230021686700 0.03432996634004552294
-0.00100901143089164266 0.00115691182813046681
-87.47150212814379699466 -182.71830213796178554730 179.07320409121794568819
-0.90677127566296467087 -0.42152590956056834592 0.00904219009396920945
-0.42147673977582783555 0.90681310679890136939 0.00688092767463321150
-0.01110006578804871753 0.00242835476403232501 -0.99993544373256471047
W0624.JPG 6000 4000
11049.23006873866870591883 0 2993.30936895597642433131
0 11049.23006873866870591883 1941.38376456135961234395
0 0 1
-0.01983656806062119443 -0.10738325470926499139 2.10504642473603542641
0.00035225750781349126 -0.00113724800000800097
-87.42488675366563199987 -182.69679848391618293135 179.09464025983427859501
-0.90235479811433416675 -0.43096886829242764261 -0.00465326581913561455
-0.31211816599369252012 0.66087659993568270700 -0.68251327467983036179
0.29721720807647250551 -0.61441675939072160073 -0.73085838368526023778
X0624.JPG 6000 4000
11049.44724708785361144692 0 2920.44589517006079404382
0 11049.44724708785361144692 1891.44086984160162501212
0 0 1
-0.01898230985563682457 0.01721428164434773284 0.03767197875545318098
-0.00117440422085492266 -0.00316783862345715274
-87.51763131974044540584 -182.73991215394605092115 179.09556509503710231002
0.90144405733119326030 0.43289505993117255445 0.00069180160668497193
0.30375375518666819508 -0.63138492485655917097 -0.71350314146041071695
-0.30843519207813197003 0.64339330409249961829 -0.70065168845629866023
A0625.JPG 6000 4000
11065.66228590038554102648 0 3112.09795853914965846343
0 11065.66228590038554102648 1971.20371390743457595818
0 0 1
-0.00336088036075458344 -0.16227446220797395182 0.68114678247600979333
0.00138048246948679855 0.00245908763974985465
-101.01511384307360685852 -161.66754707446617089772 178.95901682516441155713
0.40635953020630705135 -0.91345734835862846257 -0.02162417490062511910
-0.66259396975572326660 -0.27829969024394263233 -0.69535495515130774091
0.62915909232392186468 0.29689216079201041776 -0.71834106203556946646
D0625.JPG 6000 4000
11009.71554499911326274741 0 3062.14915028670384344878
0 11009.71554499911326274741 1952.69340636129436461488
0 0 1
-0.01557266598622179116 0.09780024118597280269 -1.01609374871024349396
0.00091790157643466231 -0.00066968511970644977
-100.97320346370840127292 -161.76117843771584148271 178.95625235098827943148
-0.41410398000179748923 0.90981018793180368220 0.02762816827383133070
0.62704821674133304210 0.30714254740154972589 -0.71587288638221313608
-0.65979423127834724294 -0.27912161777831356879 -0.69768380722260703308
S0625.JPG 6000 4000
7151.07663799749479949242 0 3035.71311964360120327910
0 7151.07663799749479949242 1928.52072355042810158920
0 0 1
-0.10527644326948788767 -0.01681396230021686700 0.03432996634004552294
-0.00100901143089164266 0.00115691182813046681
-100.99507354730005204146 -161.71386563667357449958 178.93562855159950686357
-0.91204450793241420570 -0.40908735882013080865 0.02867661772053653121
-0.40829142207490043415 0.91236314288988717980 0.02985984186399227511
-0.03837877291388791523 0.01552508775036838887 -0.99914265319821449207
W0625.JPG 6000 4000
11049.23006873866870591883 0 2993.30936895597642433131
0 11049.23006873866870591883 1941.38376456135961234395
0 0 1
-0.01983656806062119443 -0.10738325470926499139 2.10504642473603542641
0.00035225750781349126 -0.00113724800000800097
-100.94759109603756996876 -161.69328490856523217190 178.95604325347431995397
-0.90813754883262098883 -0.41841212721126319618 0.01474734561962468340
-0.32128975353303562690 0.67388974780680466203 -0.66531609185075513135
0.26843823623872997697 -0.60893669589163945677 -0.74641611298364463067
X0625.JPG 6000 4000
11049.44724708785361144692 0 2920.44589517006079404382
0 11049.44724708785361144692 1891.44086984160162501212
0 0 1
-0.01898230985563682457 0.01721428164434773284 0.03767197875545318098
-0.00117440422085492266 -0.00316783862345715274
-101.04087500830890178349 -161.73512636362536909473 178.95897629793478245119
0.90714619625381298640 0.42040179201904348538 -0.01865775681628212973
0.27520636254849401015 -0.62621646550562437561 -0.72946171684501037724
-0.31835080749868610583 0.65659368836200371344 -0.68376713270536360056
A0626.JPG 6000 4000
11065.66228590038554102648 0 3112.09795853914965846343
0 11065.66228590038554102648 1971.20371390743457595818
0 0 1
-0.00336088036075458344 -0.16227446220797395182 0.68114678247600979333
0.00138048246948679855 0.00245908763974985465
-114.63575668921339456574 -140.67714464305876731487 179.04625880664693227118
0.40482203158039459234 -0.91414338556428120786 -0.02147075630237311322
-0.67098180301054033414 -0.28102368542715494559 -0.68615530913756250797
0.62121054625291616258 0.29217727300050799766 -0.72713815631291156549
D0626.JPG 6000 4000
11009.71554499911326274741 0 3062.14915028670384344878
0 11009.71554499911326274741 1952.69340636129436461488
0 0 1
-0.01557266598622179116 0.09780024118597280269 -1.01609374871024349396
0.00091790157643466231 -0.00066968511970644977
-114.59401026711144311321 -140.77084959956681586846 179.04350712216080410144
-0.41250148481057863359 0.91053923071980968906 0.02758322586727506021
0.61914251891691418628 0.30244361665852470544 -0.72470021388966754383
-0.66821034584798710831 -0.28186196632871290957 -0.68851199382365513291
S0626.JPG 6000 4000
7151.07663799749479949242 0 3035.71311964360120327910
0 7151.07663799749479949242 1928.52072355042810158920
0 0 1
-0.10527644326948788767 -0.01681396230021686700 0.03432996634004552294
-0.00100901143089164266 0.00115691182813046681
-114.61605235608028863226 -140.72361523291144180803 179.02288665367544240326
-0.91221468230675606392 -0.40761572182832128686 0.04139802775931120810
-0.40665996873253151822 0.91309559412971996739 0.02973391685180645436
-0.04992036873301929079 0.01028879484051616056 -0.99870020400833459107
W0626.JPG 6000 4000
11049.23006873866870591883 0 2993.30936895597642433131
0 11049.23006873866870591883 1941.38376456135961234395
0 0 1
-0.01983656806062119443 -0.10738325470926499139 2.10504642473603542641
0.00035225750781349126 -0.00113724800000800097
-114.56830844115187062471 -140.70299508950415656727 179.04264109300362406429
-0.90848208548226727643 -0.41701974463448926445 0.02747422324244714470
-0.32804007896925818644 0.67081891741008192742 -0.66512531648901218606
0.25894016094000038564 -0.61326708099306215249 -0.74622615903130584680
X0626.JPG 6000 4000
11049.44724708785361144692 0 2920.44589517006079404382
0 11049.44724708785361144692 1891.44086984160162501212
0 0 1
-0.01898230985563682457 0.01721428164434773284 0.03767197875545318098
-0.00117440422085492266 -0.00316783862345715274
-114.66160975885820505482 -140.74468602553275786704 179.04687528328284429335
0.90744827872973488070 0.41899009825870209278 -0.03138341905536612408
0.26588025633103029577 -0.63046655004634288844 -0.72925963728017195731
-0.32533876302061998098 0.65342117109397790387 -0.68351698036141528281
A0627.JPG 6000 4000
11065.66228590038554102648 0 3112.09795853914965846343
0 11065.66228590038554102648 1971.20371390743457595818
0 0 1
-0.00336088036075458344 -0.16227446220797395182 0.68114678247600979333
0.00138048246948679855 0.00245908763974985465
-128.22147701263779140390 -119.70942610177685594408 179.05689928425408652402
0.39604547045069360411 -0.91790073990463372233 -0.02462147473273763182
-0.66946877435239371401 -0.27029502665260707328 -0.69191918511772032563
0.62845806980465479530 0.29051476769588235882 -0.72155500431222496793
D0627.JPG 6000 4000
11009.71554499911326274741 0 3062.14915028670384344878
0 11009.71554499911326274741 1952.69340636129436461488
0 0 1
-0.01557266598622179116 0.09780024118597280269 -1.01609374871024349396
0.00091790157643466231 -0.00066968511970644977
-128.18062688424316775126 -119.80351530075211030635 179.05382616754019409200
-0.40379683962584367318 0.91433460243605202411 0.03066507942737811340
0.62647500099542885454 0.30078579926769838382 -0.71906673966097844897
-0.66669122195808028231 -0.27114597129037076861 -0.69426412611991072943
S0627.JPG 6000 4000
7151.07663799749479949242 0 3035.71311964360120327910
0 7151.07663799749479949242 1928.52072355042810158920
0 0 1
-0.10527644326948788767 -0.01681396230021686700 0.03432996634004552294
-0.00100901143089164266 0.00115691182813046681
-128.20208242863083114571 -119.75594387731196377445 179.03336249028248516879
-0.91636804001778715545 -0.39894376133261855166 0.03336900549524830090
-0.39794403408812123457 0.91682076844876636557 0.03286676550386307544
-0.04370538831347294678 0.01683905682621143068 -0.99890254038998826935
W0627.JPG 6000 4000
11049.23006873866870591883 0 2993.30936895597642433131
0 11049.23006873866870591883 1941.38376456135961234395
0 0 1
-0.01983656806062119443 -0.10738325470926499139 2.10504642473603542641
0.00035225750781349126 -0.00113724800000800097
-128.15426221906025716635 -119.73591066870190502414 179.05353196497600265502
-0.91264184381139024094 -0.40829902082748714687 0.01941068045848029153
-0.31743082290537755208 0.67801250772185772675 -0.66297564966017630272
0.25753162445447530526 -0.61122086757900628839 -0.74838927934718979529
X0627.JPG 6000 4000
11049.44724708785361144692 0 2920.44589517006079404382
0 11049.44724708785361144692 1891.44086984160162501212
0 0 1
-0.01898230985563682457 0.01721428164434773284 0.03767197875545318098
-0.00117440422085492266 -0.00316783862345715274
-128.24798834219328114159 -119.77671463661100403897 179.05694494685803874745
0.91165117102684090078 0.41030306325145332602 -0.02331391541254974886
0.26420033286357930136 -0.62858990570261719100 -0.73148678358774787966
-0.31478615992473929497 0.66070123863607876924 -0.68145692951542258253
A0628.JPG 6000 4000
11065.66228590038554102648 0 3112.09795853914965846343
0 11065.66228590038554102648 1971.20371390743457595818
0 0 1
-0.00336088036075458344 -0.16227446220797395182 0.68114678247600979333
0.00138048246948679855 0.00245908763974985465
-141.79530949143736506812 -98.70659546639717518701 179.34961972622204484651
0.39966944310119578709 -0.91642141435127855154 -0.02088366753188130795
-0.67217578400761879287 -0.27750682367755630242 -0.68641800545013142987
0.62325279914728259900 0.28837779756908438200 -0.72690728034893226095
D0628.JPG 6000 4000
11009.71554499911326274741 0 3062.14915028670384344878
0 11009.71554499911326274741 1952.69340636129436461488
0 0 1
-0.01557266598622179116 0.09780024118597280269 -1.01609374871024349396
0.00091790157643466231 -0.00066968511970644977
-141.75409093755402523129 -98.80053556310500084692 179.34692836108754931956
-0.40737250224928034381 0.91286308240285285454 0.02699328059207516117
0.62124137895864217640 0.29865661688482580960 -0.72447455045741615542
-0.66940779311323006517 -0.27836166757812180750 -0.68877281344606100522
S0628.JPG 6000 4000
7151.07663799749479949242 0 3035.71311964360120327910
0 7151.07663799749479949242 1928.52072355042810158920
0 0 1
-0.10527644326948788767 -0.01681396230021686700 0.03432996634004552294
-0.00100901143089164266 0.00115691182813046681
-141.77585470839153458655 -98.75318580382767663650 179.32627693558444548216
-0.91452294895669539176 -0.40244578587994900287 0.04105076441455975805
-0.40151784980751886733 0.91538730293504755320 0.02914621607080665130
-0.04930712035290846229 0.01017226881131408009 -0.99873186232828981002
W0628.JPG 6000 4000
11049.23006873866870591883 0 2993.30936895597642433131
0 11049.23006873866870591883 1941.38376456135961234395
0 0 1
-0.01983656806062119443 -0.10738325470926499139 2.10504642473603542641
0.00035225750781349126 -0.00113724800000800097
-141.72800617884615803632 -98.73282749902475075032 179.34604982727728383907
-0.91083574448023385539 -0.41187626759594525572 0.02713276190090934195
-0.32388052982589710105 0.67239398108332015802 -0.66557323909741128443
0.25588991573884722897 -0.61501567003951784773 -0.74583917611574179762
X0628.JPG 6000 4000
11049.44724708785361144692 0 2920.44589517006079404382
0 11049.44724708785361144692 1891.44086984160162501212
0 0 1
-0.01898230985563682457 0.01721428164434773284 0.03767197875545318098
-0.00117440422085492266 -0.00316783862345715274
-141.82154358606544519716 -98.77398965400455210784 179.35024849946159974934
0.90981524199679175702 0.41385086469091719730 -0.03104331208005161810
0.26272343423780764038 -0.63224725964693051505 -0.72886198952287195585
-0.32126721359735993522 0.65497394182022772302 -0.68395651397136447702
A0629.JPG 6000 4000
11065.66228590038554102648 0 3112.09795853914965846343
0 11065.66228590038554102648 1971.20371390743457595818
0 0 1
-0.00336088036075458344 -0.16227446220797395182 0.68114678247600979333
0.00138048246948679855 0.00245908763974985465
-155.47391891178679657060 -77.79687878345963270021 179.44574534261235498889
0.40495011386243490170 -0.91414514977412830721 -0.01881622776322651805
-0.68431614133975926517 -0.28936317920348603172 -0.66931335652526302571
0.60640483506042697215 0.28391476831205497700 -0.74274193388393572324
D0629.JPG 6000 4000
11009.71554499911326274741 0 3062.14915028670384344878
0 11009.71554499911326274741 1952.69340636129436461488
0 0 1
-0.01557266598622179116 0.09780024118597280269 -1.01609374871024349396
0.00091790157643466231 -0.00066968511970644977
-155.43217037806891767104 -77.89059026643852234884 179.44326093316456649518
-0.41250382075367553192 0.91060939454130607196 0.02512226973693432869
0.60437862129674624345 0.29420804630893160336 -0.74038375698452862927
-0.68159157857404861769 -0.29022776583262549499 -0.67171479361164820876
S0629.JPG 6000 4000
7151.07663799749479949242 0 3035.71311964360120327910
0 7151.07663799749479949242 1928.52072355042810158920
0 0 1
-0.10527644326948788767 -0.01681396230021686700 0.03432996634004552294
-0.00100901143089164266 0.00115691182813046681
-155.45465155746828145311 -77.84361122439938185380 179.42253151006843836512
-0.91092567325046569504 -0.40752363309796113544 0.06433433204614845413
-0.40662241722012293366 0.91319350967821788512 0.02712607040547785134
-0.06980420923733757221 -0.00144994766009745937 -0.99755965737620577727
W0629.JPG 6000 4000
11049.23006873866870591883 0 2993.30936895597642433131
0 11049.23006873866870591883 1941.38376456135961234395
0 0 1
-0.01983656806062119443 -0.10738325470926499139 2.10504642473603542641
0.00035225750781349126 -0.00113724800000800097
-155.40653810635595277745 -77.82273871194900038972 179.44108800882412424471
-0.90746453230486079367 -0.41708861188836177103 0.05045009853072521949
-0.34168594645804911680 0.66281902076408605318 -0.66627446274520041314
0.24445620589747268925 -0.62185853338711827298 -0.74399806979039584398
X0629.JPG 6000 4000
11049.44724708785361144692 0 2920.44589517006079404382
0 11049.44724708785361144692 1891.44086984160162501212
0 0 1
-0.01898230985563682457 0.01721428164434773284 0.03767197875545318098
-0.00117440422085492266 -0.00316783862345715274
-155.49970758421602567978 -77.86442022914225447039 179.44766812430580671389
0.90635171821574278539 0.41901249625427933188 -0.05436074751259659110
0.25174473490195253822 -0.63885458885636692283 -0.72697276616549255657
-0.33933928646196626078 0.64520798373851506735 -0.68451114409011903916
A0630.JPG 6000 4000
11065.66228590038554102648 0 3112.09795853914965846343
0 11065.66228590038554102648 1971.20371390743457595818
0 0 1
-0.00336088036075458344 -0.16227446220797395182 0.68114678247600979333
0.00138048246948679855 0.00245908763974985465
-168.79204534713269936219 -56.64895000668226998641 179.28204767634647964769
0.38433204175276614034 -0.92257289628255334524 -0.03388410729192997684
-0.67956344768626952835 -0.25787271680180129385 -0.68680068615138178956
0.62488591138775151368 0.28698591075883672641 -0.72605556590044828535
D0630.JPG 6000 4000
11009.71554499911326274741 0 3062.14915028670384344878
0 11009.71554499911326274741 1952.69340636129436461488
0 0 1
-0.01557266598622179116 0.09780024118597280269 -1.01609374871024349396
0.00091790157643466231 -0.00066968511970644977
-168.75240134384219459207 -56.74351800491048436470 179.27802261557553720195
-0.39206727339299274337 0.91906722936355322862 0.03998350965318100969
0.62305540095732958594 0.29726576785779518231 -0.72348809983151540770
-0.67681993208835511400 -0.25874406499457563990 -0.68917798017493070439
S0630.JPG 6000 4000
7151.07663799749479949242 0 3035.71311964360120327910
0 7151.07663799749479949242 1928.52072355042810158920
0 0 1
-0.10527644326948788767 -0.01681396230021686700 0.03432996634004552294
-0.00100901143089164266 0.00115691182813046681
-168.77346385659251382094 -56.69556392160501445687 179.25804965257617595853
-0.92088780723691698871 -0.38775541555819853512 0.04014205011794587385
-0.38616258275144471623 0.92146761235937979517 0.04214141734015924845
-0.05333016187033906563 0.02330615965775112083 -0.99830492173328033711
W0630.JPG 6000 4000
11049.23006873866870591883 0 2993.30936895597642433131
0 11049.23006873866870591883 1941.38376456135961234395
0 0 1
-0.01983656806062119443 -0.10738325470926499139 2.10504642473603542641
0.00035225750781349126 -0.00113724800000800097
-168.72520172358545664792 -56.67624451454987166699 179.27785966591909527779
-0.91741598147478553571 -0.39707311206078887977 0.02609330590431679572
-0.31548536367498464239 0.68581384048503168938 -0.65584171985779793346
0.24252196239004564227 -0.60991173121815900338 -0.75444733274162323333
X0630.JPG 6000 4000
11049.44724708785361144692 0 2920.44589517006079404382
0 11049.44724708785361144692 1891.44086984160162501212
0 0 1
-0.01898230985563682457 0.01721428164434773284 0.03767197875545318098
-0.00117440422085492266 -0.00316783862345715274
-168.81939012850963877099 -56.71590413845316902552 179.28196539480515525611
0.91641191958675849438 0.39911239601031034407 -0.02997480592467081581
0.24914021590536183925 -0.62746201822891101152 -0.73771306650941959049
-0.31323848176420177047 0.66858111776433737372 -0.67444862110545300560
A0631.JPG 6000 4000
11065.66228590038554102648 0 3112.09795853914965846343
0 11065.66228590038554102648 1971.20371390743457595818
0 0 1
-0.00336088036075458344 -0.16227446220797395182 0.68114678247600979333
0.00138048246948679855 0.00245908763974985465
-182.11571745164849289722 -35.43312366086331621773 179.42974634626307306462
0.39495987299325863162 -0.91856111496495329583 -0.01588007555054638323
-0.66732671589115444277 -0.27496911102484444811 -0.69214669127297945295
0.63141250619787014919 0.28396736794312971153 -0.72158213736232112989
D0631.JPG 6000 4000
11009.71554499911326274741 0 3062.14915028670384344878
0 11009.71554499911326274741 1952.69340636129436461488
0 0 1
-0.01557266598622179116 0.09780024118597280269 -1.01609374871024349396
0.00091790157643466231 -0.00066968511970644977
-182.07497663356568295967 -35.52728524814727961711 179.42757019780574978540
-0.40273741519428135627 0.91505295647090811872 0.02192398815177940344
0.62943362956484427695 0.29426038117195962851 -0.71918296284419813702
-0.66454185750444283443 -0.27584219207072602220 -0.69447476894280424364
S0631.JPG 6000 4000
7151.07663799749479949242 0 3035.71311964360120327910
0 7151.07663799749479949242 1928.52072355042810158920
0 0 1
-0.10527644326948788767 -0.01681396230021686700 0.03432996634004552294
-0.00100901143089164266 0.00115691182813046681
-182.09629792417121052495 -35.47985180688532835802 179.40665097179319786846
-0.91699006794367754480 -0.39752180951773069539 0.03325095863879273805
-0.39688937811778851605 0.91754929985270139436 0.02412682898958462899
-0.04010033453631993428 0.00892711025845393906 -0.99915577858135251610
W0631.JPG 6000 4000
11049.23006873866870591883 0 2993.30936895597642433131
0 11049.23006873866870591883 1941.38376456135961234395
0 0 1
-0.01983656806062119443 -0.10738325470926499139 2.10504642473603542641
0.00035225750781349126 -0.00113724800000800097
-182.04852485477022128180 -35.45971804526125481516 179.42683202931934260960
-0.91322576292022328293 -0.40699272424375310120 0.01938113390450835194
-0.31418530031788732826 0.67309930167947851221 -0.66949602474007074981
0.25943458328244345390 -0.61749028534159688952 -0.74256275459102993874
X0631.JPG 6000 4000
11049.44724708785361144692 0 2920.44589517006079404382
0 11049.44724708785361144692 1891.44086984160162501212
0 0 1
-0.01898230985563682457 0.01721428164434773284 0.03767197875545318098
-0.00117440422085492266 -0.00316783862345715274
-182.14231459891951203645 -35.50037657593872353345 179.43023293736891332628
0.91225165570202237930 0.40896680994281209287 -0.02330375579426430949
0.26602045163094856228 -0.63473228293467187644 -0.72549848264114635832
-0.31149644618034572074 0.65563791635760304555 -0.68782911151773418190
A0632.JPG 6000 4000
11065.66228590038554102648 0 3112.09795853914965846343
0 11065.66228590038554102648 1971.20371390743457595818
0 0 1
-0.00336088036075458344 -0.16227446220797395182 0.68114678247600979333
0.00138048246948679855 0.00245908763974985465
-195.32228148036773518470 -14.31148999030765267548 179.40556272377565960596
0.40321899718798887013 -0.91507239229307890671 -0.00754699739858478991
-0.65365586299844558038 -0.28223669209791263368 -0.70219403472358377094
0.64042833562739098774 0.28807111361025028451 -0.71194563024776003068
D0632.JPG 6000 4000
11009.71554499911326274741 0 3062.14915028670384344878
0 11009.71554499911326274741 1952.69340636129436461488
0 0 1
-0.01557266598622179116 0.09780024118597280269 -1.01609374871024349396
0.00091790157643466231 -0.00066968511970644977
-195.28068523626811270333 -14.40529281724704269152 179.40424494724584292271
-0.41106171203525665447 0.91150795814107521409 0.01347260717647651845
0.63832073945290113137 0.29835108523900305544 -0.70960077756511141800
-0.65082632282579466754 -0.28308986591221713125 -0.70447514174373648821
S0632.JPG 6000 4000
7151.07663799749479949242 0 3035.71311964360120327910
0 7151.07663799749479949242 1928.52072355042810158920
0 0 1
-0.10527644326948788767 -0.01681396230021686700 0.03432996634004552294
-0.00100901143089164266 0.00115691182813046681
-195.30208288140474337524 -14.35809147113933725848 179.38288338109941832954
-0.91387876681326618566 -0.40552544493096043254 0.01935750710732868016
-0.40527205352475215161 0.91406020844610869069 0.01576381829655175079
-0.02408655641004184972 0.00656116216861403652 -0.99968834591151611857
W0632.JPG 6000 4000
11049.23006873866870591883 0 2993.30936895597642433131
0 11049.23006873866870591883 1941.38376456135961234395
0 0 1
-0.01983656806062119443 -0.10738325470926499139 2.10504642473603542641
0.00035225750781349126 -0.00113724800000800097
-195.25481962568454719076 -14.33749658933706072617 179.40378661296142581705
-0.90980859838850935972 -0.41499070393228321141 0.00557045313452708170
-0.30926763138023194433 0.66895286422801947257 -0.67591093911963717744
0.27677038584139901367 -0.61667234500252809948 -0.73696225984122554209
X0632.JPG 6000 4000
11049.44724708785361144692 0 2920.44589517006079404382
0 11049.44724708785361144692 1891.44086984160162501212
0 0 1
-0.01898230985563682457 0.01721428164434773284 0.03767197875545318098
-0.00117440422085492266 -0.00316783862345715274
-195.34829114595419241596 -14.37897373184459937079 179.40576649878835269192
0.90888046243086428877 0.41694821954134136943 -0.00951247774051242403
0.28323190521644592277 -0.63382119561834471266 -0.71975716728101735153
-0.30613067941472404954 0.65147898984252561316 -0.69416073996938343349
A0633.JPG 6000 4000
11065.66228590038554102648 0 3112.09795853914965846343
0 11065.66228590038554102648 1971.20371390743457595818
0 0 1
-0.00336088036075458344 -0.16227446220797395182 0.68114678247600979333
0.00138048246948679855 0.00245908763974985465
-208.74532089941740764516 6.87468612193376849007 179.26044303949572622514
0.40675114379254223573 -0.91347948808567558387 -0.01042745751325545138
-0.65592866836003760334 -0.28408692480143293846 -0.69932267314902130106
0.63585461313643576453 0.29128996550447305847 -0.71473006579373477010
D0633.JPG 6000 4000
11009.71554499911326274741 0 3062.14915028670384344878
0 11009.71554499911326274741 1952.69340636129436461488
0 0 1
-0.01557266598622179116 0.09780024118597280269 -1.01609374871024349396
0.00091790157643466231 -0.00066968511970644977
-208.70336521062458245979 6.78104815642876612714 179.25882873035476450241
-0.41455118246365735279 0.90987844135358542097 0.01638716198594375104
0.63371819598331846635 0.30155925062291077943 -0.71236456006976989208
-0.65310685588013228653 -0.28492672799110752013 -0.70161826834728979740
S0633.JPG 6000 4000
7151.07663799749479949242 0 3035.71311964360120327910
0 7151.07663799749479949242 1928.52072355042810158920
0 0 1
-0.10527644326948788767 -0.01681396230021686700 0.03432996634004552294
-0.00100901143089164266 0.00115691182813046681
-208.72504999923660307104 6.82818684172395684584 179.23761889557246718141
-0.91218283850141856917 -0.40911772254783029812 0.02334862395884368738
-0.40876055411310380228 0.91245102522475551865 0.01865304177448491238
-0.02893576583820101772 0.00747098812533974165 -0.99955335314918924983
W0633.JPG 6000 4000
11049.23006873866870591883 0 2993.30936895597642433131
0 11049.23006873866870591883 1941.38376456135961234395
0 0 1
-0.01983656806062119443 -0.10738325470926499139 2.10504642473603542641
0.00035225750781349126 -0.00113724800000800097
