fileName imageWidth imageHeight 
camera matrix K [3x3]
radial distortion [3x1]
tangential distortion [2x1]
camera position t [3x1]
camera rotation R [3x3]
camera model m = K [R|-Rt] X

8back01053.JPG 6000 4000
9024.45279766981184366159 0 2934.42446693872443574946
0 9024.45279766981184366159 2021.05260111336497175216
0 0 1
-0.21231137468949148883 1.80355305560189793646 -1.39919944245072525035
0.00085878333284588378 -0.00472787024518974384
45.66709001802259848546 -224.64555187464642926898 119.34593438473262949628
0.86402047472618392909 0.49609468517889099282 -0.08578276395172158841
0.34338925502445238891 -0.45609575538328961386 0.82101186438144602153
0.36817446786502094902 -0.73882794022600650763 -0.56442965545203693800
8down01053.JPG 6000 4000
6379.04909090677210770082 0 3001.22731579781611799262
0 6379.04909090677210770082 2003.12846538429357678979
0 0 1
-0.04406274294629659166 0.10281881630015421436 -0.00466824657886298709
0.00025278404579033017 -0.00005073354202373005
45.64363495260668202036 -224.61085711803099229655 119.31306899610368077447
0.86031325215245602056 0.50295915407459057533 -0.08302528231470854281
0.50939422267323675175 -0.84199043083524471864 0.17767847446724688298
0.01945852198893095741 -0.19515174535333126848 -0.98058001315933152053
8front01053.JPG 6000 4000
9127.70302138296392513439 0 3011.96945235582052191603
0 9127.70302138296392513439 2002.00448503096254171396
0 0 1
-0.26818474443348444547 2.62574309251134474508 -1.27851896821722532671
-0.00089183803186474082 0.00012021864886154585
45.61920696109131512230 -224.56640477414791234878 119.32923260813269905611
-0.86054043063724949825 -0.50221443179942548696 0.08515181578238553706
-0.37154810019426692813 0.73320891447188396572 0.56952321900076430250
-0.34845685024216133119 0.45845976075479277778 -0.81755273303192499412
8left01053.JPG 6000 4000
8964.61944221514568198472 0 2923.69430325970006379066
0 8964.61944221514568198472 1980.66658095963430241682
0 0 1
0.03473569141155637141 0.10845687983738243332 -1.67251538215524853115
0.00008268414080485031 -0.00210483212116602042
45.68358321240812358610 -224.58233924415566207244 119.33368130816387520099
0.50351156928296814108 -0.84653033698101931570 0.17280766235617162074
-0.62358191553347619429 -0.21762606560373673470 0.75085583848661563433
-0.59801479431348791849 -0.48582433465259844407 -0.63745825090083874098
8right01053.JPG 6000 4000
9021.02289780542378139216 0 2928.68131931270818313351
0 9021.02289780542378139216 1999.18282346024466278323
0 0 1
-0.13854749854887352112 0.87878551055140585735 -0.48122163696572195501
-0.00006413621046203243 -0.00197101408227258555
45.60271376670579002166 -224.62961740463865112361 119.34148568470145335141
-0.50449644628199474816 0.84367593068368051945 -0.18355996206652461233
0.59427989239363399054 0.49352825722389104257 0.63502855748238573597
0.62635033741944223795 0.21128365603277124429 -0.75036289321099591820
8back01054.JPG 6000 4000
9024.45279766981184366159 0 2934.42446693872443574946
0 9024.45279766981184366159 2021.05260111336497175216
0 0 1
-0.21231137468949148883 1.80355305560189793646 -1.39919944245072525035
0.00085878333284588378 -0.00472787024518974384
37.63026074954699140562 -211.29501884194593230859 119.25498371728208724107
0.86396808344079312203 0.49509276051893535975 -0.09188204001535289767
0.34188020267949548181 -0.44277107752468447543 0.82889788268728070708
0.36969863106518241480 -0.74755396553651565217 -0.55180249256338109731
8down01054.JPG 6000 4000
6379.04909090677210770082 0 3001.22731579781611799262
0 6379.04909090677210770082 2003.12846538429357678979
0 0 1
-0.04406274294629659166 0.10281881630015421436 -0.00466824657886298709
0.00025278404579033017 -0.00005073354202373005
37.60685849062902974538 -211.26086439704835129305 119.22152018233322223750
0.86025190936624540416 0.50199849642818350492 -0.08924215380397371167
0.50941138647348405133 -0.83879582066949853747 0.19214996892673488760
0.02160304985162536662 -0.21075834695505057947 -0.97729945637244808321
8front01054.JPG 6000 4000
9127.70302138296392513439 0 3011.96945235582052191603
0 9127.70302138296392513439 2002.00448503096254171396
0 0 1
-0.26818474443348444547 2.62574309251134474508 -1.27851896821722532671
-0.00089183803186474082 0.00012021864886154585
37.58237607921848422166 -211.21617203480300872798 119.23692162020297757863
-0.86048388727164215606 -0.50122006182740863611 0.09135605818779866938
-0.37308031913634326360 0.74201522497931449163 0.55697799002475978369
-0.34695612866615865855 0.44518743863750898093 -0.82548748582905007165
8left01054.JPG 6000 4000
8964.61944221514568198472 0 2923.69430325970006379066
0 8964.61944221514568198472 1980.66658095963430241682
0 0 1
0.03473569141155637141 0.10845687983738243332 -1.67251538215524853115
0.00008268414080485031 -0.00210483212116602042
37.64675025412294928628 -211.23200150904236238603 119.24175828751374695003
0.50354105536767357343 -0.84341576714564403527 0.18733992977828894944
-0.62505238918536021320 -0.20593155470050622524 0.75292875197611197624
-0.59645277795721796110 -0.49622780908445385251 -0.63087403271838704555
8right01054.JPG 6000 4000
9021.02289780542378139216 0 2928.68131931270818313351
0 9021.02289780542378139216 1999.18282346024466278323
0 0 1
-0.13854749854887352112 0.87878551055140585735 -0.48122163696572195501
-0.00006413621046203243 -0.00197101408227258555
37.56588657464252634099 -211.27918936770660707225 119.25014704997131786968
-0.50450208293277309934 0.84038972590732619050 -0.19804736025986935388
0.59271940102609688150 0.50389013792678616355 0.62831396653853655021
0.62782271380044718523 0.19959919210641502429 -0.75232891912162203063
8back01055.JPG 6000 4000
9024.45279766981184366159 0 2934.42446693872443574946
0 9024.45279766981184366159 2021.05260111336497175216
0 0 1
-0.21231137468949148883 1.80355305560189793646 -1.39919944245072525035
0.00085878333284588378 -0.00472787024518974384
30.59429181014213483536 -199.40501345554150702810 119.36074573550628485918
0.86386117527164840713 0.49581266083021013902 -0.08895884002589884987
0.34194263721055573324 -0.44751243758136460826 0.82632188102910331118
0.36989066319086333356 -0.74424621166012805418 -0.55612810908438259361
8down01055.JPG 6000 4000
6379.04909090677210770082 0 3001.22731579781611799262
0 6379.04909090677210770082 2003.12846538429357678979
0 0 1
-0.04406274294629659166 0.10281881630015421436 -0.00466824657886298709
0.00025278404579033017 -0.00005073354202373005
30.57088338227947943437 -199.37067002204344134952 119.32748052724656417922
0.86014333634308337562 0.50270207959038371026 -0.08627896684646185754
0.50959084149428979238 -0.83978614294739151180 0.18728696798945954072
0.02169366750300284752 -0.20506060881858040323 -0.97850883056885196165
8front01055.JPG 6000 4000
9127.70302138296392513439 0 3011.96945235582052191603
0 9127.70302138296392513439 2002.00448503096254171396
0 0 1
-0.26818474443348444547 2.62574309251134474508 -1.27851896821722532671
-0.00089183803186474082 0.00012021864886154585
30.54639027104167325888 -199.32607355810444005328 119.34314076051528275002
-0.86037558254558021975 -0.50193601617531946602 0.08839735643899587769
-0.37327133952190916233 0.73867667901635136740 0.56127112073301410611
-0.34701925602316802122 0.44990776781849806110 -0.82289770713358012522
8left01055.JPG 6000 4000
8964.61944221514568198472 0 2923.69430325970006379066
0 8964.61944221514568198472 1980.66658095963430241682
0 0 1
0.03473569141155637141 0.10845687983738243332 -1.67251538215524853115
0.00008268414080485031 -0.00210483212116602042
30.61076777740002796691 -199.34191650908223891747 119.34788813656899719717
0.50372175951416175987 -0.84437932366192303135 0.18244984725724008867
-0.62503963959928343641 -0.21045114461914687931 0.75168860883885191271
-0.59631353994484703751 -0.49268029542566871282 -0.63377936900606113291
8right01055.JPG 6000 4000
9021.02289780542378139216 0 2928.68131931270818313351
0 9021.02289780542378139216 1999.18282346024466278323
0 0 1
-0.13854749854887352112 0.87878551055140585735 -0.48122163696572195501
-0.00006413621046203243 -0.00197101408227258555
30.52991430378378012733 -199.38917050456373658562 119.35599835945257041203
-0.50468163354119288666 0.84141545168442699598 -0.19317475619988386248
0.59257855940722636845 0.50035656182674981274 0.63126378160620777447
0.62781135677610133694 0.20411601775364246469 -0.75112552319791747735
8back01056.JPG 6000 4000
9024.45279766981184366159 0 2934.42446693872443574946
0 9024.45279766981184366159 2021.05260111336497175216
0 0 1
-0.21231137468949148883 1.80355305560189793646 -1.39919944245072525035
0.00085878333284588378 -0.00472787024518974384
23.41895531390789741977 -187.14012604003571027533 119.30243764233641456940
0.86542021797190582522 0.49410832477726668310 -0.08309518464545373462
0.33669096671554177291 -0.45066869204670806370 0.82676291821843539420
0.37106204232932915588 -0.74347474294337168033 -0.55637960723563051335
8down01056.JPG 6000 4000
6379.04909090677210770082 0 3001.22731579781611799262
0 6379.04909090677210770082 2003.12846538429357678979
0 0 1
-0.04406274294629659166 0.10281881630015421436 -0.00466824657886298709
0.00025278404579033017 -0.00005073354202373005
23.39579521416175822424 -187.10563380250087561762 119.26915258067823799593
0.86170420118633428430 0.50099838978504085407 -0.08041444578319105474
0.50673143659313246712 -0.84147574645800105042 0.18746151416013431823
0.02625111094947578383 -0.20228490194709619621 -0.97897481970588606792
8front01056.JPG 6000 4000
9127.70302138296392513439 0 3011.96945235582052191603
0 9127.70302138296392513439 2002.00448503096254171396
0 0 1
-0.26818474443348444547 2.62574309251134474508 -1.27851896821722532671
-0.00089183803186474082 0.00012021864886154585
23.37132255886814391488 -187.06102731986868548120 119.28481626000535698040
-0.86194558573804291868 -0.50023791782494431146 0.08253382819708754425
-0.37448158687860944038 0.73789806893627463147 0.56148907464793584854
-0.34177967803188735729 0.45306563037851493858 -0.82335787252818459780
8left01056.JPG 6000 4000
8964.61944221514568198472 0 2923.69430325970006379066
0 8964.61944221514568198472 1980.66658095963430241682
0 0 1
0.03473569141155637141 0.10845687983738243332 -1.67251538215524853115
0.00008268414080485031 -0.00210483212116602042
23.43563903384377766770 -187.07702975563231007072 119.28984747221907980474
0.50087691864935512953 -0.84604163817119504287 0.18258110210240238724
-0.62935957407598275282 -0.21120225669027789528 0.74786371304391519033
-0.59416230011944115574 -0.48949683681259326118 -0.63825074059278663618
8right01056.JPG 6000 4000
9021.02289780542378139216 0 2928.68131931270818313351
0 9021.02289780542378139216 1999.18282346024466278323
0 0 1
-0.13854749854887352112 0.87878551055140585735 -0.48122163696572195501
-0.00006413621046203243 -0.00197101408227258555
23.35463883893226366695 -187.12412360427208568581 119.29740643012269174505
-0.50178843489481061990 0.84311090816228007050 -0.19331932946188187805
0.59045756463431442462 0.49718877452240928250 0.63573830060412372944
0.63211409648253436000 0.20485926639202850508 -0.74730479056499365953
8back01057.JPG 6000 4000
9024.45279766981184366159 0 2934.42446693872443574946
0 9024.45279766981184366159 2021.05260111336497175216
0 0 1
-0.21231137468949148883 1.80355305560189793646 -1.39919944245072525035
0.00085878333284588378 -0.00472787024518974384
15.64945811676861531225 -174.17167575392934963929 119.31630616629709606968
0.86542071888051574913 0.49375274885165315597 -0.08517747550712916060
0.33451564399211308753 -0.44281216376150450698 0.83187539424447243253
0.37302314037720651907 -0.74841539977895354951 -0.54838683984650482550
8down01057.JPG 6000 4000
6379.04909090677210770082 0 3001.22731579781611799262
0 6379.04909090677210770082 2003.12846538429357678979
0 0 1
-0.04406274294629659166 0.10281881630015421436 -0.00466824657886298709
0.00025278404579033017 -0.00005073354202373005
15.62637783034724137110 -174.13750536439542315748 119.28263592932425751769
0.86169368216160335816 0.50066550397596887301 -0.08257149175875784508
0.50658931366780890482 -0.83944545236587808645 0.19671959683728676427
0.02917645284053374533 -0.21134186909066401960 -0.97697663685930014044
8front01057.JPG 6000 4000
9127.70302138296392513439 0 3011.96945235582052191603
0 9127.70302138296392513439 2002.00448503096254171396
0 0 1
-0.26818474443348444547 2.62574309251134474508 -1.27851896821722532671
-0.00089183803186474082 0.00012021864886154585
15.60183872128384052758 -174.09276788140695657603 119.29781452419439347068
-0.86194155298661034870 -0.49988553155454457100 0.08468302413979257592
-0.37645477227574952739 0.74288462689139067585 0.55353792603511164927
-0.33961531718378640265 0.44523801103552418379 -0.82850742293795209825
8left01057.JPG 6000 4000
8964.61944221514568198472 0 2923.69430325970006379066
0 8964.61944221514568198472 1980.66658095963430241682
0 0 1
0.03473569141155637141 0.10845687983738243332 -1.67251538215524853115
0.00008268414080485031 -0.00210483212116602042
15.66614802208782286641 -174.10869053898127845059 119.30317948513307158009
0.50075110332384897838 -0.84405935957074895715 0.19186487443241137529
-0.63141709205778262515 -0.20457485285158755195 0.74797164748274036494
-0.59208174129696100607 -0.49569438881408411923 -0.63539458962206318837
8right01057.JPG 6000 4000
9021.02289780542378139216 0 2928.68131931270818313351
0 9021.02289780542378139216 1999.18282346024466278323
0 0 1
-0.13854749854887352112 0.87878551055140585735 -0.48122163696572195501
-0.00006413621046203243 -0.00197101408227258555
15.58514881596463297342 -174.15575309635502776473 119.31094120535840374941
-0.50163018690939797928 0.84102871097869980055 -0.20257804148216310147
0.58838060937208314094 0.50336082665116310686 0.63280023444053323800
0.63417301590037589154 0.19823870838603727118 -0.74734597102095712273
8back01058.JPG 6000 4000
9024.45279766981184366159 0 2934.42446693872443574946
0 9024.45279766981184366159 2021.05260111336497175216
0 0 1
-0.21231137468949148883 1.80355305560189793646 -1.39919944245072525035
0.00085878333284588378 -0.00472787024518974384
8.03915568860275797647 -161.18063364960042349594 119.40347674668362287775
0.86518387650511840992 0.49565152431221476403 -0.07606856303726189372
0.32575994602351415752 -0.44021795166049271231 0.83671298101714497442
0.38123131744694466194 -0.74869067142767176115 -0.54233288773118748516
8down01058.JPG 6000 4000
6379.04909090677210770082 0 3001.22731579781611799262
0 6379.04909090677210770082 2003.12846538429357678979
0 0 1
-0.04406274294629659166 0.10281881630015421436 -0.00466824657886298709
0.00025278404579033017 -0.00005073354202373005
8.01639176043140544436 -161.14659132316359091419 119.36946316726337613545
0.86140997693614618225 0.50256086318671266966 -0.07352163238050805905
0.50623880898010553686 -0.83779861965165358662 0.20448897572286928170
0.04117183402852594293 -0.21336834747171454230 -0.97610390245092104600
8front01058.JPG 6000 4000
9127.70302138296392513439 0 3011.96945235582052191603
0 9127.70302138296392513439 2002.00448503096254171396
0 0 1
-0.26818474443348444547 2.62574309251134474508 -1.27851896821722532671
-0.00089183803186474082 0.00012021864886154585
7.99156924055862738498 -161.10188057935317829106 119.38425478296566950576
-0.86168453014232204712 -0.50177695772901320659 0.07562840210940535712
-0.38471012376994229154 0.74316272356392110154 0.54745528308161450770
-0.33090465572778127168 0.44263873644008056019 -0.83341049778629949785
8left01058.JPG 6000 4000
8964.61944221514568198472 0 2923.69430325970006379066
0 8964.61944221514568198472 1980.66658095963430241682
0 0 1
0.03473569141155637141 0.10845687983738243332 -1.67251538215524853115
0.00008268414080485031 -0.00210483212116602042
8.05584873349669194909 -161.11763675390702132972 119.39041024810276780954
0.50046912842248680864 -0.84243698782559761629 0.19957598312264510088
-0.63968379783870943367 -0.20448836122193375653 0.74093801961258076716
-0.58338262767988013913 -0.49848212773187949853 -0.64123340372536463683
8right01058.JPG 6000 4000
9021.02289780542378139216 0 2928.68131931270818313351
0 9021.02289780542378139216 1999.18282346024466278323
0 0 1
-0.13854749854887352112 0.87878551055140585735 -0.48122163696572195501
-0.00006413621046203243 -0.00197101408227258555
7.97487619566469341237 -161.16487747504658045727 119.39732128154653878482
-0.50121488928231272553 0.83938123365006034327 -0.21029212861593679640
0.57969401565495093376 0.50613404118110161267 0.63857903236132373959
0.64244726085146985906 0.19816023050498748903 -0.74026619541260541002
8back01059.JPG 6000 4000
9024.45279766981184366159 0 2934.42446693872443574946
0 9024.45279766981184366159 2021.05260111336497175216
0 0 1
-0.21231137468949148883 1.80355305560189793646 -1.39919944245072525035
0.00085878333284588378 -0.00472787024518974384
0.72613071602635070878 -148.82056339939546774076 119.36999348037174684123
0.86559433287640430432 0.49433598894708935534 -0.07986476647405790774
0.33841381070734383174 -0.45994121242973268204 0.82093250260371686267
0.36908338301092169509 -0.73762186189155920513 -0.56541263272484698632
8down01059.JPG 6000 4000
6379.04909090677210770082 0 3001.22731579781611799262
0 6379.04909090677210770082 2003.12846538429357678979
0 0 1
-0.04406274294629659166 0.10281881630015421436 -0.00466824657886298709
0.00025278404579033017 -0.00005073354202373005
0.70291405167386411534 -148.78569160385728764595 119.33714619171215076676
0.86189043869511694496 0.50119910698882452760 -0.07709946069554343695
0.50654343768868403952 -0.84385790353989620360 0.17696774951324142910
0.02363508875526067199 -0.19158103712751933800 -0.98119217729896057723
8front01059.JPG 6000 4000
9127.70302138296392513439 0 3011.96945235582052191603
0 9127.70302138296392513439 2002.00448503096254171396
0 0 1
-0.26818474443348444547 2.62574309251134474508 -1.27851896821722532671
-0.00089183803186474082 0.00012021864886154585
0.67851563288361449455 -148.74124075646273013263 119.35335851191750577982
-0.86212590737715499856 -0.50046168822333458870 0.07922763690636643041
-0.37249444049768054565 0.73199219344712596058 0.57046938614686881763
-0.34349208379151496828 0.46230458288136760947 -0.81748863051387299361
8left01059.JPG 6000 4000
8964.61944221514568198472 0 2923.69430325970006379066
0 8964.61944221514568198472 1980.66658095963430241682
0 0 1
0.03473569141155637141 0.10845687983738243332 -1.67251538215524853115
0.00008268414080485031 -0.00210483212116602042
0.74283202507365309053 -148.75734571990062704572 119.35805232149193955138
0.50067312172473388276 -0.84836571210120370612 0.17205244465984007030
-0.62764454347659437428 -0.21889830539474017246 0.74709160009959185711
-0.59614490874825676325 -0.48203646171874653392 -0.64206860797519460515
8right01059.JPG 6000 4000
9021.02289780542378139216 0 2928.68131931270818313351
0 9021.02289780542378139216 1999.18282346024466278323
0 0 1
-0.13854749854887352112 0.87878551055140585735 -0.48122163696572195501
-0.00006413621046203243 -0.00197101408227258555
0.66181432383631211280 -148.80445843595757082767 119.36529967079731306967
-0.50161388434354570176 0.84555333738354288009 -0.18281976007350125846
0.59243988279758008630 0.48975821699523219843 0.63964980587540287704
0.63039550783977649218 0.21254750651372900094 -0.74660904171475639401
8back01060.JPG 6000 4000
9024.45279766981184366159 0 2934.42446693872443574946
0 9024.45279766981184366159 2021.05260111336497175216
0 0 1
-0.21231137468949148883 1.80355305560189793646 -1.39919944245072525035
0.00085878333284588378 -0.00472787024518974384
-6.97667847971339316615 -135.81091522649211356111 119.49847512731157905819
0.86450396148847064026 0.49538412185470603877 -0.08501454219709951576
0.33794623329650907984 -0.44768219210274073916 0.82787257369403544072
0.37205543131560675496 -0.74442946387708652800 -0.55443622657635871498
8down01060.JPG 6000 4000
6379.04909090677210770082 0 3001.22731579781611799262
0 6379.04909090677210770082 2003.12846538429357678979
0 0 1
-0.04406274294629659166 0.10281881630015421436 -0.00466824657886298709
0.00025278404579033017 -0.00005073354202373005
-6.99991782389551087107 -135.77656017807694865951 119.46510352965162837791
0.86077734973299846466 0.50227538328133414236 -0.08235164561940566674
0.50831425807533070493 -0.84003885539070477506 0.18960837658500415137
0.02605703789691801719 -0.20507111152832691037 -0.97840015841810612507
8front01060.JPG 6000 4000
9127.70302138296392513439 0 3011.96945235582052191603
0 9127.70302138296392513439 2002.00448503096254171396
0 0 1
-0.26818474443348444547 2.62574309251134474508 -1.27851896821722532671
-0.00089183803186474082 0.00012021864886154585
-7.02446001997247471138 -135.73195157408537170340 119.48065193991259036466
-0.86101888053400221779 -0.50150920526377529285 0.08446895524197066407
-0.37546230418516779448 0.73886160760464958397 0.55956374341431147634
-0.34303723631690208329 0.45008003937474200251 -0.82447159602771791231
8left01060.JPG 6000 4000
8964.61944221514568198472 0 2923.69430325970006379066
0 8964.61944221514568198472 1980.66658095963430241682
0 0 1
0.03473569141155637141 0.10845687983738243332 -1.67251538215524853115
0.00008268414080485031 -0.00210483212116602042
-6.96011271440548284772 -135.74782645727452745632 119.48569300626796518827
0.50246503325999292144 -0.84462912316205118746 0.18474451184687129546
-0.62856768811823460208 -0.21014126048571621364 0.74882795894328901820
-0.59365945777417883367 -0.49238429600057204150 -0.63649521070255432598
8right01060.JPG 6000 4000
9021.02289780542378139216 0 2928.68131931270818313351
0 9021.02289780542378139216 1999.18282346024466278323
0 0 1
-0.13854749854887352112 0.87878551055140585735 -0.48122163696572195501
-0.00006413621046203243 -0.00197101408227258555
-7.04102578528038502981 -135.79504034330295780819 119.49343406095619002372
-0.50337742542028629522 0.84166573022412782823 -0.19547369680734516528
0.58993980377526378245 0.50006241470969203800 0.63396262454210594584
0.63133366415774738734 0.20380475941694226050 -0.74825224659880240630
8back01061.JPG 6000 4000
9024.45279766981184366159 0 2934.42446693872443574946
0 9024.45279766981184366159 2021.05260111336497175216
0 0 1
-0.21231137468949148883 1.80355305560189793646 -1.39919944245072525035
0.00085878333284588378 -0.00472787024518974384
-14.10122918150569759632 -123.77471901792794994890 119.61284061832269287606
0.86414837511028097516 0.49649761266987163522 -0.08208353310731340835
0.33722474724436679594 -0.45024928719439166747 0.82677388034874144118
0.37353320553899110879 -0.74213590399202522541 -0.55651347186362476460
8down01061.JPG 6000 4000
6379.04909090677210770082 0 3001.22731579781611799262
0 6379.04909090677210770082 2003.12846538429357678979
0 0 1
-0.04406274294629659166 0.10281881630015421436 -0.00466824657886298709
0.00025278404579033017 -0.00005073354202373005
-14.12445497549907180712 -123.74026971705478672447 119.57955686608939060989
0.86041150766652363391 0.50337599707675118044 -0.07940178236038825110
0.50885143599185778118 -0.84021328970719200147 0.18738154628576036975
0.02760893992974171318 -0.20162894972301206864 -0.97907278231475269870
8front01061.JPG 6000 4000
9127.70302138296392513439 0 3011.96945235582052191603
0 9127.70302138296392513439 2002.00448503096254171396
0 0 1
-0.26818474443348444547 2.62574309251134474508 -1.27851896821722532671
-0.00089183803186474082 0.00012021864886154585
-14.14906121648893311260 -123.69573896869547979804 119.59522675297182559007
-0.86065670392617155127 -0.50261744577950628887 0.08152141549938490828
-0.37694187479454194234 0.73654695021057359217 0.56161678497163769475
-0.34232274393226369558 0.45263041582906016203 -0.82337163277167735309
8left01061.JPG 6000 4000
8964.61944221514568198472 0 2923.69430325970006379066
0 8964.61944221514568198472 1980.66658095963430241682
0 0 1
0.03473569141155637141 0.10845687983738243332 -1.67251538215524853115
0.00008268414080485031 -0.00210483212116602042
-14.08470585813698860989 -123.71157032144910203897 119.60030180187632709021
0.50301333840930240182 -0.84479209259260301668 0.18249356612039674408
-0.62940465556501190569 -0.21335057423954140177 0.74721570648959645400
-0.59230681317659805707 -0.49072176716003634844 -0.63903426066206636680
8right01061.JPG 6000 4000
9021.02289780542378139216 0 2928.68131931270818313351
0 9021.02289780542378139216 1999.18282346024466278323
0 0 1
-0.13854749854887352112 0.87878551055140585735 -0.48122163696572195501
-0.00006413621046203243 -0.00197101408227258555
-14.16558453985764209904 -123.75888766517431349712 119.60776556941819137592
-0.50390802946910684401 0.84186531492839633550 -0.19323428618408727830
0.58858335642226000672 0.49840515044674316147 0.63652332129378108583
0.63217586981730689022 0.20701472780619073477 -0.74665826995491058060
8back01062.JPG 6000 4000
9024.45279766981184366159 0 2934.42446693872443574946
0 9024.45279766981184366159 2021.05260111336497175216
0 0 1
-0.21231137468949148883 1.80355305560189793646 -1.39919944245072525035
0.00085878333284588378 -0.00472787024518974384
-22.02554407870000119374 -110.40199601349650038173 119.67301382530328623943
0.86577574767615217421 0.49367936624067354501 -0.08193313178443997757
0.33249327680506984839 -0.44510753610232978161 0.83146106474346725967
0.37400611708263103994 -0.74710104045779501813 -0.54950838003769630902
8down01062.JPG 6000 4000
6379.04909090677210770082 0 3001.22731579781611799262
0 6379.04909090677210770082 2003.12846538429357678979
0 0 1
-0.04406274294629659166 0.10281881630015421436 -0.00466824657886298709
0.00025278404579033017 -0.00005073354202373005
-22.04853703952960586321 -110.36772952147831006187 119.63938153015330101425
0.86204516966476707474 0.50058653022478605266 -0.07931740802089044806
0.50586371703802679445 -0.84013148049322938782 0.19565529706278270150
0.03130535484728193263 -0.20878750259956632696 -0.97745984752117665018
8front01062.JPG 6000 4000
9127.70302138296392513439 0 3011.96945235582052191603
0 9127.70302138296392513439 2002.00448503096254171396
0 0 1
-0.26818474443348444547 2.62574309251134474508 -1.27851896821722532671
-0.00089183803186474082 0.00012021864886154585
-22.07309526810157507271 -110.32302365433014301743 119.65462222737937736383
-0.86229753287021182473 -0.49981201663657581769 0.08143041711562845619
-0.37745119217009764911 0.74155794091759485998 0.55463719474213857286
-0.33759970725004784242 0.44752627664499905480 -0.82809822447397263279
8left01062.JPG 6000 4000
8964.61944221514568198472 0 2923.69430325970006379066
0 8964.61944221514568198472 1980.66658095963430241682
0 0 1
0.03473569141155637141 0.10845687983738243332 -1.67251538215524853115
0.00008268414080485031 -0.00210483212116602042
-22.00880355042654556996 -110.33898226699275824103 119.66009010816435420566
0.50003490660211746821 -0.84473064162936717381 0.19077535289404956576
-0.63316818925035300847 -0.20632145715712357781 0.74600904849605564895
-0.59081565339862207598 -0.49382344963458224552 -0.63802450132433041752
8right01062.JPG 6000 4000
9021.02289780542378139216 0 2928.68131931270818313351
0 9021.02289780542378139216 1999.18282346024466278323
0 0 1
-0.13854749854887352112 0.87878551055140585735 -0.48122163696572195501
-0.00006413621046203243 -0.00197101408227258555
-22.08983579637503069648 -110.38603740083388515814 119.66754594451830939761
-0.50089088133606274322 0.84172841471531800739 -0.20149838921246993051
0.58712294205143278347 0.50149793049826141278 0.63544195377928192059
0.63592057358702613890 0.19998275317336405843 -0.74539380365143170781
8back01063.JPG 6000 4000
9024.45279766981184366159 0 2934.42446693872443574946
0 9024.45279766981184366159 2021.05260111336497175216
0 0 1
-0.21231137468949148883 1.80355305560189793646 -1.39919944245072525035
0.00085878333284588378 -0.00472787024518974384
-29.24755651444547055462 -98.32528920464270072443 119.78881682963158539224
0.86551985372299156118 0.49256161206808352082 -0.09087596562470179329
0.34606544483824130953 -0.45691755323677779588 0.81942971476083681370
0.36209679741781941598 -0.74068171832508944430 -0.56592976723154575502
8down01063.JPG 6000 4000
6379.04909090677210770082 0 3001.22731579781611799262
0 6379.04909090677210770082 2003.12846538429357678979
0 0 1
-0.04406274294629659166 0.10281881630015421436 -0.00466824657886298709
0.00025278404579033017 -0.00005073354202373005
-29.27105251197651369921 -98.29052268272950243500 119.75605668533886216665
0.86185543154673616151 0.49944277771558642787 -0.08810293355574841390
0.50698006573922416163 -0.84390998414838180874 0.17546267864628617428
0.01328262234806089348 -0.19588989367095308025 -0.98053593585403153732
8front01063.JPG 6000 4000
9127.70302138296392513439 0 3011.96945235582052191603
0 9127.70302138296392513439 2002.00448503096254171396
0 0 1
-0.26818474443348444547 2.62574309251134474508 -1.27851896821722532671
-0.00089183803186474082 0.00012021864886154585
-29.29521264062496044289 -98.24596166613275727286 119.77232333783884143941
-0.86206792199325044113 -0.49869571419372299426 0.09023016410852620350
-0.36546489461494480189 0.73507972890030559565 0.57104571004775128706
-0.35110441278105053442 0.45930423120701341366 -0.81594443102518199318
8left01063.JPG 6000 4000
8964.61944221514568198472 0 2923.69430325970006379066
0 8964.61944221514568198472 1980.66658095963430241682
0 0 1
0.03473569141155637141 0.10845687983738243332 -1.67251538215524853115
0.00008268414080485031 -0.00210483212116602042
-29.23087737225251814266 -98.26215162483509857339 119.77642924585809680593
0.50105254286280187515 -0.84842950623066848426 0.17062743697279239563
-0.62031198456799152563 -0.21461250704903978015 0.75442329869871183057
-0.60345620478377703932 -0.48384795625827536902 -0.63382313316306948536
8right01063.JPG 6000 4000
9021.02289780542378139216 0 2928.68131931270818313351
0 9021.02289780542378139216 1999.18282346024466278323
0 0 1
-0.13854749854887352112 0.87878551055140585735 -0.48122163696572195501
-0.00006413621046203243 -0.00197101408227258555
-29.31189178281791285485 -98.30909924594035942391 119.78471092161233002571
-0.50210798013136903606 0.84557182566172095495 -0.18137216968295030717
0.59973894895126667048 0.49156518003576382680 0.63140863700715799123
0.62305759717639797035 0.20825936095050145980 -0.75394115763583435808
8back01064.JPG 6000 4000
9024.45279766981184366159 0 2934.42446693872443574946
0 9024.45279766981184366159 2021.05260111336497175216
0 0 1
-0.21231137468949148883 1.80355305560189793646 -1.39919944245072525035
0.00085878333284588378 -0.00472787024518974384
-36.83526375596973423399 -85.50790518400178541469 119.87572797905090737913
0.86482960133049757712 0.49618419733588869924 -0.07662247044224293480
0.33344170593784250300 -0.45354367810059786903 0.82650756850511819529
0.37534835740121991199 -0.74033733822435365823 -0.55768650353678539400
8down01064.JPG 6000 4000
6379.04909090677210770082 0 3001.22731579781611799262
0 6379.04909090677210770082 2003.12846538429357678979
0 0 1
-0.04406274294629659166 0.10281881630015421436 -0.00466824657886298709
0.00025278404579033017 -0.00005073354202373005
-36.85832583162715536673 -85.47331652420376713053 119.84247492987120153884
0.86108629763096222742 0.50305526642217013311 -0.07393096074799333783
0.50747751323702872117 -0.84126170460103466553 0.18640096011159035250
0.03157469858863533319 -0.19802561272896207489 -0.97968816217833110116
8front01064.JPG 6000 4000
9127.70302138296392513439 0 3011.96945235582052191603
0 9127.70302138296392513439 2002.00448503096254171396
0 0 1
-0.26818474443348444547 2.62574309251134474508 -1.27851896821722532671
-0.00089183803186474082 0.00012021864886154585
-36.88296664221401499617 -85.42882658376929327915 119.85820628880041738284
-0.86133985420370162700 -0.50230438677032063222 0.07605234113186819245
-0.37878227934720454240 0.73473196738867552202 0.56275476093028520275
-0.33855227131549747721 0.45591582460851065584 -0.82311792621632251521
8left01064.JPG 6000 4000
8964.61944221514568198472 0 2923.69430325970006379066
0 8964.61944221514568198472 1980.66658095963430241682
0 0 1
0.03473569141155637141 0.10845687983738243332 -1.67251538215524853115
0.00008268414080485031 -0.00210483212116602042
-36.81864414310321365065 -85.44472228636369948163 119.86349237877050200041
0.50165678783537270835 -0.84581824994388754568 0.18147163767529966849
-0.63268079850338732051 -0.21566609490882393541 0.74377627194734730054
-0.58996226525415351727 -0.48793403608340091271 -0.64332332618019560933
8right01064.JPG 6000 4000
9021.02289780542378139216 0 2928.68131931270818313351
0 9021.02289780542378139216 1999.18282346024466278323
0 0 1
-0.13854749854887352112 0.87878551055140585735 -0.48122163696572195501
-0.00006413621046203243 -0.00197101408227258555
-36.89958625508052847408 -85.49200948140737921221 119.87044188908080855072
-0.50250845894703655148 0.84293185726077424214 -0.19222677415380071131
0.58625470822480552080 0.49562929614408274270 0.64082526314742715989
0.63544525001838092493 0.20932626404401072362 -0.74323068384617607673
8back01065.JPG 6000 4000
9024.45279766981184366159 0 2934.42446693872443574946
0 9024.45279766981184366159 2021.05260111336497175216
0 0 1
-0.21231137468949148883 1.80355305560189793646 -1.39919944245072525035
0.00085878333284588378 -0.00472787024518974384
-44.67182497960297382633 -72.58031056855615759105 119.82716174987136525942
0.86455185406859014208 0.49507016407548298798 -0.08634595687603283110
0.34055091433048273464 -0.45080332810682338662 0.82510692283878217523
0.36956077494132894001 -0.74275291450797165105 -0.55833945016869290789
8down01065.JPG 6000 4000
6379.04909090677210770082 0 3001.22731579781611799262
0 6379.04909090677210770082 2003.12846538429357678979
0 0 1
-0.04406274294629659166 0.10281881630015421436 -0.00466824657886298709
0.00025278404579033017 -0.00005073354202373005
-44.69515759924328079933 -72.54582305509228490337 119.79399248283394285863
0.86083960650024637928 0.50195471471666586183 -0.08364589801186636531
0.50838087387996822031 -0.84105171153189106636 0.18488078754244990920
0.02245125728196074866 -0.20167667912524556151 -0.97919480091730048965
8front01065.JPG 6000 4000
9127.70302138296392513439 0 3011.96945235582052191603
0 9127.70302138296392513439 2002.00448503096254171396
0 0 1
-0.26818474443348444547 2.62574309251134474508 -1.27851896821722532671
-0.00089183803186474082 0.00012021864886154585
-44.71961278174768494864 -72.50125170767215365686 119.80978295584237969251
-0.86107310256606162113 -0.50119575442111097274 0.08576670558853380366
-0.37295347745897866609 0.73716960814831555826 0.56345955708791917171
-0.34562814655133605735 0.45319287789274936840 -0.82167962110470749160
8left01065.JPG 6000 4000
8964.61944221514568198472 0 2923.69430325970006379066
0 8964.61944221514568198472 1980.66658095963430241682
0 0 1
0.03473569141155637141 0.10845687983738243332 -1.67251538215524853115
0.00008268414080485031 -0.00210483212116602042
-44.65525941916981622626 -72.51718926652246466347 119.81454099565031867769
0.50251121050361868825 -0.84562088254008882515 0.18002168294488640754
-0.62606639151630205653 -0.21230938694539308598 0.75031033421420212370
-0.59625779385425581314 -0.48974487973535024699 -0.63610266155791472809
8right01065.JPG 6000 4000
9021.02289780542378139216 0 2928.68131931270818313351
0 9021.02289780542378139216 1999.18282346024466278323
0 0 1
-0.13854749854887352112 0.87878551055140585735 -0.48122163696572195501
-0.00006413621046203243 -0.00197101408227258555
-44.73617834218084254871 -72.56437300970583237358 119.82240371006342627425
-0.50346364678235155932 0.84269555923672712083 -0.19075783289635964146
0.59253469829353277998 0.49743439315239090792 0.63361001872390310119
0.62882985591239848322 0.20596897570219771523 -0.74976649255710259290
8back01066.JPG 6000 4000
9024.45279766981184366159 0 2934.42446693872443574946
0 9024.45279766981184366159 2021.05260111336497175216
0 0 1
-0.21231137468949148883 1.80355305560189793646 -1.39919944245072525035
0.00085878333284588378 -0.00472787024518974384
-52.62704146172381314273 -58.82557636943653989192 119.84109156151198760654
0.86497071315145224180 0.49490956953807246910 -0.08300712842827388804
0.33344107994392124805 -0.44320576033367642399 0.83209716993442495170
0.37502361471792639014 -0.74741766903565209912 -0.54838318393000773376
8down01066.JPG 6000 4000
6379.04909090677210770082 0 3001.22731579781611799262
0 6379.04909090677210770082 2003.12846538429357678979
0 0 1
-0.04406274294629659166 0.10281881630015421436 -0.00466824657886298709
0.00025278404579033017 -0.00005073354202373005
-52.65009843406239298247 -58.79140191550268212950 119.80740947836827103856
0.86123000161937612873 0.50181515250442354503 -0.08040172279031931879
0.50724773036581194408 -0.83900682969665640876 0.19689408259543650370
0.03134683954439235198 -0.21035468247540403675 -0.97712245046936163639
8front01066.JPG 6000 4000
9127.70302138296392513439 0 3011.96945235582052191603
0 9127.70302138296392513439 2002.00448503096254171396
0 0 1
-0.26818474443348444547 2.62574309251134474508 -1.27851896821722532671
-0.00089183803186474082 0.00012021864886154585
-52.67472274837819412596 -58.74670972744505093033 119.82258351774801496958
-0.86148296470540297598 -0.50103754355590113256 0.08251352295144157023
-0.37845841768948673689 0.74187762962166836633 0.55352218451197110483
-0.33855033245052279511 0.44562199520939616004 -0.82873681575228541618
8left01066.JPG 6000 4000
8964.61944221514568198472 0 2923.69430325970006379066
0 8964.61944221514568198472 1980.66658095963430241682
0 0 1
0.03473569141155637141 0.10845687983738243332 -1.67251538215524853115
0.00008268414080485031 -0.00210483212116602042
-52.61040429497489157029 -58.76255773627308798268 119.82805865865886119082
0.50142475264180286221 -0.84362325603448229394 0.19202348636530194859
-0.63262149618927776551 -0.20608644851237506446 0.74653762014971214445
-0.59022305952694409381 -0.49581062676926823674 -0.63703105292074946320
8right01066.JPG 6000 4000
9021.02289780542378139216 0 2928.68131931270818313351
0 9021.02289780542378139216 1999.18282346024466278323
0 0 1
-0.13854749854887352112 0.87878551055140585735 -0.48122163696572195501
-0.00006413621046203243 -0.00197101408227258555
-52.69135991512711569840 -58.80972836060850283957 119.83561642060115559616
-0.50227914651354710340 0.84060194469141080731 -0.20274128725703863263
0.58651746969672935439 0.50347498412909275078 0.63443691419774439488
0.63538407024269105694 0.19975312497487554553 -0.74591271094183864143
8back01067.JPG 6000 4000
9024.45279766981184366159 0 2934.42446693872443574946
0 9024.45279766981184366159 2021.05260111336497175216
0 0 1
-0.21231137468949148883 1.80355305560189793646 -1.39919944245072525035
0.00085878333284588378 -0.00472787024518974384
-60.24359568388647545589 -46.57713188209493182512 119.81100380445117536965
0.86482375075327933001 0.49466009100635816020 -0.08597252176487021891
0.34861892489654316973 -0.46840034901926752564 0.81182877396813590831
0.36130973601192650779 -0.73206045338087322172 -0.57753161580885092885
8down01067.JPG 6000 4000
6379.04909090677210770082 0 3001.22731579781611799262
0 6379.04909090677210770082 2003.12846538429357678979
0 0 1
-0.04406274294629659166 0.10281881630015421436 -0.00466824657886298709
0.00025278404579033017 -0.00005073354202373005
-60.26720901963703624915 -46.54191733925918583736 119.77881147077371792875
0.86116017904544639450 0.50149684791106108328 -0.08309065869088297362
0.50821652714782716842 -0.84587282980040368052 0.16191083144514800685
0.01091364101556416277 -0.18165920659500672807 -0.98330098398153553685
8front01067.JPG 6000 4000
9127.70302138296392513439 0 3011.96945235582052191603
0 9127.70302138296392513439 2002.00448503096254171396
0 0 1
-0.26818474443348444547 2.62574309251134474508 -1.27851896821722532671
-0.00089183803186474082 0.00012021864886154585
-60.29136803743837447200 -46.49761983609369053738 119.79578418629533587136
-0.86136782784948284775 -0.50078086826681522670 0.08522902747185555350
-0.36465932236766679386 0.72638173212904888487 0.58257459422768909096
-0.35365101973021051407 0.47073145338625649314 -0.80829626687041233879
8left01067.JPG 6000 4000
8964.61944221514568198472 0 2923.69430325970006379066
